14	440 5	0	22	100	1	10000
1	7	0.061797	1	245	1.000000	
1	13	0.298933	1	253	1.000000	
0	13	0.000000	0.000000	0.000000	0.000000	0.000000	0.000000	0.000000	0.000000	0.000000	0.000000	0.000000	0.000000	0.000000	506.000000	
1	12	0.008674	1	238	1.000000	
1	9	0.089782	1	156	1.000000	
1	2	-0.001743	1	238	1.000000	
1	2	0.028234	1	236	1.000000	
0	1	0.000000	21.000000	4.000000	0.000000	0.000000	0.000000	0.000000	6.000000	0.000000	1.000000	1.000000	0.000000	0.000000	0.000000	
0	2	0.000000	9.000000	62.000000	0.000000	0.000000	0.000000	0.000000	0.000000	0.000000	2.000000	0.000000	0.000000	0.000000	0.000000	
0	2	0.000000	0.000000	44.000000	0.000000	0.000000	0.000000	0.000000	0.000000	1.000000	0.000000	36.000000	0.000000	10.000000	0.000000	
1	9	0.015691	1	263	1.000000	
1	9	0.016772	1	279	1.000000	
1	9	0.074553	1	342	1.000000	
0	9	0.000000	0.000000	10.000000	0.000000	0.000000	0.000000	0.000000	6.000000	0.000000	52.000000	0.000000	3.000000	6.000000	0.000000	
0	7	0.000000	0.000000	0.000000	0.000000	1.000000	0.000000	0.000000	20.000000	3.000000	4.000000	0.000000	0.000000	0.000000	0.000000	
1	9	0.063594	1	177	1.000000	
0	9	0.000000	0.000000	7.000000	0.000000	0.000000	0.000000	0.000000	0.000000	0.000000	25.000000	3.000000	0.000000	4.000000	0.000000	
1	9	0.008098	1	283	1.000000	
0	9	0.000000	0.000000	1.000000	0.000000	0.000000	0.000000	0.000000	0.000000	0.000000	90.000000	0.000000	0.000000	0.000000	0.000000	
0	9	0.000000	0.000000	0.000000	0.000000	0.000000	0.000000	0.000000	0.000000	0.000000	36.000000	6.000000	0.000000	0.000000	0.000000	
0	10	0.000000	0.000000	0.000000	0.000000	0.000000	0.000000	0.000000	0.000000	6.000000	25.000000	44.000000	1.000000	3.000000	0.000000	
1	12	0.032958	1	138	1.000000	
1	2	0.298610	1	328	1.000000	
1	12	0.007037	1	262	1.000000	
1	2	0.034518	1	291	1.000000	
0	11	0.000000	0.000000	7.000000	0.000000	0.000000	0.000000	0.000000	0.000000	0.000000	0.000000	0.000000	30.000000	5.000000	0.000000	
0	2	0.000000	0.000000	59.000000	0.000000	0.000000	0.000000	0.000000	0.000000	0.000000	0.000000	0.000000	3.000000	12.000000	0.000000	
0	12	0.000000	0.000000	0.000000	0.000000	0.000000	0.000000	0.000000	0.000000	0.000000	0.000000	4.000000	7.000000	58.000000	0.000000	
1	2	0.034518	1	291	1.000000	
0	11	0.000000	0.000000	1.000000	0.000000	0.000000	0.000000	0.000000	0.000000	0.000000	0.000000	0.000000	4.000000	0.000000	0.000000	
1	2	0.152916	1	141	1.000000	
1	2	-0.058267	1	139	1.000000	
0	1	0.000000	1.000000	0.000000	0.000000	0.000000	0.000000	0.000000	0.000000	0.000000	0.000000	0.000000	0.000000	0.000000	0.000000	
0	2	0.000000	0.000000	167.000000	0.000000	0.000000	0.000000	0.000000	0.000000	0.000000	0.000000	0.000000	0.000000	0.000000	0.000000	
0	2	0.000000	0.000000	4.000000	0.000000	0.000000	0.000000	0.000000	0.000000	0.000000	0.000000	0.000000	0.000000	2.000000	0.000000	
1	11	0.011443	1	262	1.000000	
1	11	0.237252	1	219	1.000000	
1	12	-0.007866	1	246	1.000000	
0	11	0.000000	0.000000	11.000000	0.000000	0.000000	0.000000	0.000000	2.000000	0.000000	6.000000	0.000000	19.000000	0.000000	0.000000	
1	12	0.224129	1	177	1.000000	
0	12	0.000000	0.000000	1.000000	0.000000	0.000000	0.000000	0.000000	0.000000	1.000000	0.000000	7.000000	1.000000	34.000000	0.000000	
1	11	0.079155	1	199	1.000000	
0	12	0.000000	0.000000	0.000000	0.000000	0.000000	0.000000	0.000000	0.000000	0.000000	3.000000	2.000000	21.000000	37.000000	0.000000	
0	11	0.000000	0.000000	0.000000	0.000000	0.000000	0.000000	0.000000	0.000000	0.000000	5.000000	0.000000	34.000000	9.000000	0.000000	
1	11	0.012946	1	260	1.000000	
1	11	0.157025	1	364	1.000000	
0	11	0.000000	0.000000	3.000000	0.000000	0.000000	0.000000	0.000000	0.000000	0.000000	0.000000	0.000000	49.000000	2.000000	0.000000	
0	9	0.000000	0.000000	2.000000	0.000000	0.000000	0.000000	0.000000	2.000000	0.000000	40.000000	0.000000	10.000000	0.000000	0.000000	
1	11	-0.005229	1	207	1.000000	
0	11	0.000000	0.000000	10.000000	0.000000	0.000000	0.000000	0.000000	0.000000	0.000000	0.000000	0.000000	35.000000	0.000000	0.000000	
1	11	0.010060	1	280	1.000000	
0	9	0.000000	0.000000	0.000000	0.000000	0.000000	0.000000	0.000000	0.000000	0.000000	2.000000	0.000000	0.000000	0.000000	0.000000	
1	11	0.034278	1	308	1.000000	
1	11	0.258209	1	157	1.000000	
0	2	0.000000	0.000000	1.000000	0.000000	0.000000	0.000000	0.000000	0.000000	0.000000	0.000000	0.000000	0.000000	0.000000	0.000000	
1	11	0.014849	1	244	1.000000	
0	11	0.000000	0.000000	0.000000	0.000000	0.000000	0.000000	0.000000	0.000000	0.000000	0.000000	0.000000	145.000000	0.000000	0.000000	
0	11	0.000000	0.000000	0.000000	0.000000	0.000000	0.000000	0.000000	0.000000	0.000000	0.000000	0.000000	20.000000	2.000000	0.000000	
0	12	0.000000	0.000000	0.000000	0.000000	0.000000	0.000000	0.000000	0.000000	0.000000	0.000000	0.000000	2.000000	3.000000	0.000000	
1	12	0.138061	1	198	1.000000	
1	12	0.031694	1	217	1.000000	
0	10	0.000000	0.000000	0.000000	0.000000	5.000000	0.000000	0.000000	0.000000	4.000000	0.000000	12.000000	0.000000	3.000000	0.000000	
1	12	0.015079	1	223	1.000000	
0	12	0.000000	0.000000	0.000000	0.000000	0.000000	0.000000	0.000000	0.000000	0.000000	0.000000	0.000000	0.000000	140.000000	0.000000	
0	12	0.000000	0.000000	0.000000	0.000000	0.000000	0.000000	0.000000	0.000000	1.000000	0.000000	4.000000	0.000000	23.000000	0.000000	
1	12	0.019500	1	242	1.000000	
1	11	0.012946	1	260	1.000000	
0	9	0.000000	0.000000	0.000000	0.000000	0.000000	0.000000	0.000000	0.000000	0.000000	14.000000	3.000000	9.000000	7.000000	0.000000	
1	11	0.027183	1	329	1.000000	
0	11	0.000000	0.000000	0.000000	0.000000	0.000000	0.000000	0.000000	0.000000	0.000000	0.000000	0.000000	57.000000	16.000000	0.000000	
0	12	0.000000	0.000000	0.000000	0.000000	0.000000	0.000000	0.000000	0.000000	0.000000	0.000000	0.000000	5.000000	28.000000	0.000000	
0	12	0.000000	0.000000	0.000000	0.000000	0.000000	0.000000	0.000000	0.000000	0.000000	1.000000	11.000000	0.000000	79.000000	0.000000	
1	6	0.047994	1	134	1.000000	
1	3	0.066343	1	213	1.000000	
1	3	0.017508	1	238	1.000000	
1	3	0.263064	1	113	1.000000	
1	3	-0.004865	1	236	1.000000	
1	3	0.151193	1	232	1.000000	
0	3	0.000000	8.000000	0.000000	65.000000	0.000000	3.000000	0.000000	0.000000	0.000000	0.000000	0.000000	0.000000	0.000000	0.000000	
0	1	0.000000	60.000000	0.000000	12.000000	1.000000	0.000000	0.000000	0.000000	0.000000	0.000000	0.000000	0.000000	0.000000	0.000000	
1	3	0.003710	1	171	1.000000	
1	3	0.012804	1	200	1.000000	
0	3	0.000000	4.000000	0.000000	51.000000	0.000000	0.000000	2.000000	0.000000	0.000000	0.000000	0.000000	0.000000	0.000000	0.000000	
0	3	0.000000	0.000000	0.000000	151.000000	0.000000	0.000000	0.000000	0.000000	0.000000	0.000000	0.000000	0.000000	0.000000	0.000000	
0	3	0.000000	2.000000	0.000000	42.000000	9.000000	0.000000	6.000000	0.000000	0.000000	0.000000	0.000000	0.000000	0.000000	0.000000	
1	6	0.199946	1	179	1.000000	
0	6	0.000000	5.000000	0.000000	0.000000	4.000000	16.000000	52.000000	0.000000	4.000000	0.000000	0.000000	0.000000	0.000000	0.000000	
0	3	0.000000	3.000000	0.000000	48.000000	6.000000	1.000000	14.000000	0.000000	0.000000	0.000000	0.000000	0.000000	0.000000	0.000000	
1	4	0.115982	1	261	1.000000	
1	4	0.028068	1	238	1.000000	
1	4	0.029341	1	157	1.000000	
1	4	0.148904	1	108	1.000000	
0	3	0.000000	0.000000	0.000000	2.000000	0.000000	0.000000	0.000000	0.000000	0.000000	0.000000	0.000000	0.000000	0.000000	0.000000	
1	4	0.024326	1	237	1.000000	
0	4	0.000000	0.000000	0.000000	0.000000	83.000000	0.000000	0.000000	0.000000	0.000000	0.000000	0.000000	0.000000	0.000000	0.000000	
0	4	0.000000	0.000000	0.000000	0.000000	25.000000	0.000000	1.000000	0.000000	0.000000	0.000000	0.000000	0.000000	0.000000	0.000000	
0	4	0.000000	0.000000	0.000000	5.000000	13.000000	0.000000	0.000000	0.000000	1.000000	0.000000	0.000000	0.000000	0.000000	0.000000	
0	4	0.000000	0.000000	0.000000	0.000000	25.000000	0.000000	7.000000	0.000000	10.000000	0.000000	0.000000	0.000000	0.000000	0.000000	
0	3	0.000000	0.000000	0.000000	21.000000	18.000000	0.000000	13.000000	0.000000	1.000000	0.000000	0.000000	0.000000	0.000000	0.000000	
1	1	0.070461	1	93	1.000000	
1	1	-0.001766	1	196	1.000000	
1	1	0.259351	1	216	1.000000	
1	1	0.292206	1	233	1.000000	
0	1	0.000000	1.000000	0.000000	1.000000	0.000000	0.000000	0.000000	0.000000	0.000000	0.000000	0.000000	0.000000	0.000000	0.000000	
0	1	0.000000	203.000000	0.000000	0.000000	0.000000	0.000000	0.000000	0.000000	0.000000	0.000000	0.000000	0.000000	0.000000	0.000000	
0	1	0.000000	41.000000	8.000000	0.000000	0.000000	0.000000	0.000000	0.000000	0.000000	0.000000	0.000000	0.000000	0.000000	0.000000	
0	2	0.000000	25.000000	49.000000	4.000000	5.000000	0.000000	0.000000	0.000000	1.000000	0.000000	0.000000	0.000000	0.000000	0.000000	
1	4	-0.001743	1	238	1.000000	
0	1	0.000000	43.000000	3.000000	0.000000	1.000000	2.000000	0.000000	2.000000	0.000000	0.000000	0.000000	0.000000	0.000000	0.000000	
1	4	0.021059	1	194	1.000000	
1	4	0.017508	1	238	1.000000	
0	8	0.000000	0.000000	0.000000	0.000000	22.000000	0.000000	0.000000	0.000000	24.000000	0.000000	0.000000	0.000000	0.000000	0.000000	
1	4	0.031694	1	217	1.000000	
1	4	0.019865	1	222	1.000000	
0	4	0.000000	0.000000	0.000000	0.000000	7.000000	0.000000	0.000000	0.000000	5.000000	0.000000	0.000000	0.000000	0.000000	0.000000	
1	4	0.041019	1	219	1.000000	
1	4	0.000712	1	221	1.000000	
0	4	0.000000	0.000000	0.000000	0.000000	3.000000	0.000000	0.000000	0.000000	1.000000	0.000000	0.000000	0.000000	0.000000	0.000000	
0	4	0.000000	0.000000	0.000000	0.000000	107.000000	0.000000	0.000000	0.000000	0.000000	0.000000	0.000000	0.000000	0.000000	0.000000	
0	8	0.000000	0.000000	0.000000	0.000000	0.000000	0.000000	0.000000	0.000000	1.000000	0.000000	0.000000	0.000000	0.000000	0.000000	
0	8	0.000000	0.000000	0.000000	0.000000	0.000000	0.000000	0.000000	0.000000	4.000000	0.000000	0.000000	0.000000	0.000000	0.000000	
0	8	0.000000	0.000000	0.000000	0.000000	14.000000	0.000000	0.000000	0.000000	41.000000	0.000000	33.000000	0.000000	0.000000	0.000000	
1	7	0.281211	1	242	1.000000	
1	7	0.007727	1	283	1.000000	
1	7	-0.006558	1	258	1.000000	
1	7	0.076941	1	243	1.000000	
1	7	0.089782	1	156	1.000000	
0	1	0.000000	8.000000	3.000000	0.000000	0.000000	2.000000	0.000000	6.000000	0.000000	0.000000	0.000000	0.000000	0.000000	0.000000	
1	7	-0.026926	1	321	1.000000	
0	7	0.000000	0.000000	0.000000	0.000000	0.000000	7.000000	0.000000	12.000000	0.000000	0.000000	0.000000	0.000000	0.000000	0.000000	
1	7	-0.002563	1	236	1.000000	
0	7	0.000000	0.000000	0.000000	0.000000	0.000000	1.000000	0.000000	71.000000	1.000000	2.000000	0.000000	0.000000	0.000000	0.000000	
0	7	0.000000	0.000000	0.000000	0.000000	0.000000	0.000000	0.000000	33.000000	0.000000	15.000000	0.000000	0.000000	0.000000	0.000000	
1	5	-0.005802	1	241	1.000000	
0	5	0.000000	1.000000	0.000000	0.000000	0.000000	57.000000	3.000000	9.000000	0.000000	0.000000	0.000000	0.000000	0.000000	0.000000	
0	7	0.000000	1.000000	0.000000	0.000000	0.000000	6.000000	0.000000	40.000000	1.000000	9.000000	0.000000	0.000000	0.000000	0.000000	
1	7	0.025610	1	235	1.000000	
1	7	0.114481	1	193	1.000000	
0	3	0.000000	0.000000	0.000000	11.000000	6.000000	0.000000	0.000000	1.000000	2.000000	0.000000	0.000000	0.000000	0.000000	0.000000	
1	7	-0.004865	1	236	1.000000	
0	7	0.000000	0.000000	0.000000	0.000000	0.000000	0.000000	0.000000	53.000000	1.000000	0.000000	0.000000	0.000000	0.000000	0.000000	
0	7	0.000000	0.000000	0.000000	0.000000	0.000000	0.000000	0.000000	31.000000	31.000000	3.000000	4.000000	0.000000	0.000000	0.000000	
1	9	0.012463	1	218	1.000000	
1	9	0.007229	1	236	1.000000	
0	7	0.000000	0.000000	0.000000	0.000000	0.000000	0.000000	0.000000	8.000000	1.000000	0.000000	0.000000	0.000000	0.000000	0.000000	
1	9	0.063594	1	177	1.000000	
0	10	0.000000	0.000000	0.000000	0.000000	0.000000	0.000000	0.000000	0.000000	2.000000	1.000000	7.000000	0.000000	0.000000	0.000000	
1	9	-0.001743	1	238	1.000000	
0	9	0.000000	0.000000	0.000000	0.000000	0.000000	0.000000	0.000000	0.000000	0.000000	82.000000	1.000000	0.000000	0.000000	0.000000	
0	9	0.000000	0.000000	0.000000	0.000000	0.000000	0.000000	0.000000	3.000000	0.000000	27.000000	7.000000	1.000000	0.000000	0.000000	
1	7	0.115256	1	371	1.000000	
0	7	0.000000	0.000000	0.000000	0.000000	0.000000	0.000000	0.000000	50.000000	8.000000	3.000000	0.000000	0.000000	0.000000	0.000000	
0	11	0.000000	0.000000	0.000000	0.000000	0.000000	0.000000	0.000000	8.000000	3.000000	9.000000	7.000000	15.000000	9.000000	0.000000	
1	10	0.025610	1	235	1.000000	
1	8	0.014893	1	322	1.000000	
1	4	-0.006558	1	258	1.000000	
0	6	0.000000	0.000000	0.000000	0.000000	5.000000	3.000000	15.000000	1.000000	0.000000	0.000000	0.000000	0.000000	0.000000	0.000000	
1	4	0.005700	1	263	1.000000	
0	8	0.000000	0.000000	0.000000	0.000000	0.000000	0.000000	0.000000	1.000000	16.000000	0.000000	3.000000	0.000000	0.000000	0.000000	
1	4	0.012946	1	260	1.000000	
0	8	0.000000	0.000000	0.000000	0.000000	7.000000	1.000000	0.000000	0.000000	16.000000	0.000000	0.000000	0.000000	0.000000	0.000000	
0	4	0.000000	0.000000	0.000000	0.000000	71.000000	0.000000	1.000000	1.000000	5.000000	0.000000	0.000000	0.000000	0.000000	0.000000	
1	8	0.028489	1	238	1.000000	
0	8	0.000000	0.000000	0.000000	0.000000	3.000000	0.000000	0.000000	36.000000	38.000000	0.000000	1.000000	0.000000	0.000000	0.000000	
0	8	0.000000	0.000000	0.000000	0.000000	0.000000	0.000000	0.000000	0.000000	20.000000	0.000000	12.000000	0.000000	0.000000	0.000000	
1	10	0.130488	1	223	1.000000	
1	10	0.086355	1	237	1.000000	
1	10	-0.003778	1	225	1.000000	
0	9	0.000000	1.000000	0.000000	0.000000	0.000000	0.000000	0.000000	0.000000	0.000000	2.000000	0.000000	0.000000	0.000000	0.000000	
1	10	-0.005530	1	386	1.000000	
0	9	0.000000	0.000000	0.000000	0.000000	0.000000	0.000000	0.000000	0.000000	0.000000	2.000000	0.000000	0.000000	0.000000	0.000000	
1	10	-0.003433	1	279	1.000000	
0	8	0.000000	0.000000	0.000000	0.000000	0.000000	0.000000	0.000000	0.000000	1.000000	0.000000	0.000000	0.000000	0.000000	0.000000	
1	10	0.018601	1	262	1.000000	
0	10	0.000000	0.000000	0.000000	0.000000	0.000000	0.000000	0.000000	0.000000	0.000000	3.000000	52.000000	0.000000	0.000000	0.000000	
0	10	0.000000	0.000000	0.000000	0.000000	0.000000	0.000000	0.000000	0.000000	0.000000	0.000000	83.000000	0.000000	0.000000	0.000000	
0	7	0.000000	4.000000	5.000000	0.000000	0.000000	0.000000	0.000000	11.000000	2.000000	3.000000	10.000000	0.000000	8.000000	0.000000	
1	8	0.012946	1	260	1.000000	
1	8	-0.014795	1	239	1.000000	
0	7	0.000000	0.000000	0.000000	0.000000	0.000000	8.000000	3.000000	9.000000	0.000000	3.000000	0.000000	0.000000	0.000000	0.000000	
0	8	0.000000	0.000000	0.000000	0.000000	0.000000	0.000000	0.000000	12.000000	51.000000	8.000000	5.000000	7.000000	0.000000	0.000000	
1	10	0.003854	1	264	1.000000	
0	10	0.000000	0.000000	0.000000	0.000000	0.000000	0.000000	0.000000	2.000000	1.000000	2.000000	12.000000	7.000000	5.000000	0.000000	
1	10	0.004944	1	218	1.000000	
0	8	0.000000	0.000000	0.000000	0.000000	0.000000	0.000000	0.000000	0.000000	37.000000	0.000000	3.000000	0.000000	0.000000	0.000000	
1	10	0.014452	1	278	1.000000	
0	8	0.000000	0.000000	0.000000	0.000000	0.000000	0.000000	0.000000	0.000000	11.000000	0.000000	2.000000	0.000000	0.000000	0.000000	
0	10	0.000000	0.000000	0.000000	0.000000	0.000000	0.000000	0.000000	0.000000	15.000000	0.000000	74.000000	0.000000	0.000000	0.000000	
1	6	0.010060	1	280	1.000000	
1	5	0.271781	1	132	1.000000	
0	3	0.000000	11.000000	0.000000	31.000000	0.000000	5.000000	12.000000	0.000000	0.000000	0.000000	0.000000	0.000000	0.000000	0.000000	
1	5	-0.003310	1	302	1.000000	
1	5	0.017529	1	192	1.000000	
0	5	0.000000	0.000000	0.000000	12.000000	0.000000	63.000000	4.000000	0.000000	0.000000	0.000000	0.000000	0.000000	0.000000	0.000000	
1	5	0.190400	1	358	1.000000	
0	7	0.000000	0.000000	0.000000	0.000000	0.000000	19.000000	0.000000	26.000000	0.000000	0.000000	0.000000	0.000000	0.000000	0.000000	
1	5	-0.009645	1	234	1.000000	
0	5	0.000000	0.000000	0.000000	0.000000	0.000000	67.000000	1.000000	0.000000	0.000000	0.000000	0.000000	0.000000	0.000000	0.000000	
0	5	0.000000	0.000000	0.000000	0.000000	0.000000	60.000000	9.000000	16.000000	0.000000	1.000000	0.000000	0.000000	0.000000	0.000000	
1	5	0.012946	1	260	1.000000	
1	5	0.032904	1	303	1.000000	
1	6	0.113452	1	154	1.000000	
0	3	0.000000	1.000000	0.000000	6.000000	2.000000	4.000000	5.000000	0.000000	0.000000	0.000000	0.000000	0.000000	0.000000	0.000000	
1	6	0.229642	1	221	1.000000	
0	7	0.000000	0.000000	0.000000	0.000000	0.000000	3.000000	0.000000	7.000000	1.000000	0.000000	0.000000	0.000000	0.000000	0.000000	
1	6	-0.012281	1	304	1.000000	
0	5	0.000000	0.000000	0.000000	0.000000	0.000000	14.000000	0.000000	0.000000	0.000000	0.000000	0.000000	0.000000	0.000000	0.000000	
0	6	0.000000	0.000000	0.000000	0.000000	0.000000	31.000000	61.000000	4.000000	1.000000	0.000000	0.000000	0.000000	0.000000	0.000000	
0	5	0.000000	0.000000	0.000000	0.000000	0.000000	75.000000	14.000000	0.000000	0.000000	0.000000	0.000000	0.000000	0.000000	0.000000	
0	6	0.000000	0.000000	0.000000	2.000000	2.000000	2.000000	43.000000	1.000000	2.000000	0.000000	0.000000	0.000000	0.000000	0.000000	
1	6	0.140015	1	241	1.000000	
1	8	-0.000978	1	237	1.000000	
0	6	0.000000	0.000000	0.000000	2.000000	6.000000	14.000000	54.000000	8.000000	9.000000	1.000000	0.000000	0.000000	0.000000	0.000000	
1	8	0.008864	1	298	1.000000	
0	4	0.000000	0.000000	0.000000	1.000000	21.000000	0.000000	7.000000	3.000000	10.000000	0.000000	0.000000	0.000000	0.000000	0.000000	
0	8	0.000000	0.000000	0.000000	0.000000	0.000000	0.000000	1.000000	5.000000	65.000000	0.000000	4.000000	0.000000	0.000000	0.000000	
1	6	-0.034830	1	259	1.000000	
0	5	0.000000	0.000000	0.000000	0.000000	0.000000	9.000000	0.000000	0.000000	0.000000	0.000000	0.000000	0.000000	0.000000	0.000000	
1	6	0.229642	1	221	1.000000	
0	8	0.000000	0.000000	2.000000	0.000000	0.000000	0.000000	0.000000	0.000000	6.000000	0.000000	0.000000	0.000000	0.000000	0.000000	
1	6	0.038275	1	259	1.000000	
1	6	-0.006292	1	303	1.000000	
0	7	0.000000	0.000000	0.000000	0.000000	0.000000	0.000000	0.000000	2.000000	0.000000	0.000000	0.000000	0.000000	0.000000	0.000000	
1	6	0.145384	1	301	1.000000	
1	6	-0.023521	1	279	1.000000	
0	5	0.000000	0.000000	0.000000	0.000000	0.000000	1.000000	0.000000	0.000000	0.000000	0.000000	0.000000	0.000000	0.000000	0.000000	
0	6	0.000000	0.000000	0.000000	0.000000	0.000000	0.000000	140.000000	0.000000	0.000000	0.000000	0.000000	0.000000	0.000000	0.000000	
0	6	0.000000	0.000000	0.000000	0.000000	0.000000	4.000000	8.000000	0.000000	0.000000	0.000000	0.000000	0.000000	0.000000	0.000000	
0	6	0.000000	0.000000	0.000000	0.000000	0.000000	0.000000	20.000000	0.000000	5.000000	0.000000	0.000000	0.000000	0.000000	0.000000	

1	6	0.054660	1	245	1.000000	
1	13	0.133695	1	356	1.000000	
0	13	0.000000	0.000000	0.000000	0.000000	0.000000	0.000000	0.000000	0.000000	0.000000	0.000000	0.000000	0.000000	0.000000	472.000000	
1	12	0.012022	1	238	1.000000	
1	9	0.047513	1	157	1.000000	
1	2	0.002931	1	239	1.000000	
1	2	0.001610	1	237	1.000000	
0	1	0.000000	31.000000	21.000000	0.000000	0.000000	0.000000	0.000000	5.000000	1.000000	9.000000	3.000000	0.000000	0.000000	0.000000	
0	2	0.000000	0.000000	82.000000	0.000000	0.000000	0.000000	0.000000	0.000000	2.000000	1.000000	4.000000	0.000000	7.000000	0.000000	
0	10	0.000000	1.000000	4.000000	0.000000	0.000000	0.000000	0.000000	0.000000	2.000000	0.000000	53.000000	0.000000	9.000000	0.000000	
1	9	0.000020	1	283	1.000000	
1	9	0.016538	1	264	1.000000	
1	9	-0.006217	1	280	1.000000	
0	9	0.000000	0.000000	0.000000	0.000000	0.000000	0.000000	0.000000	8.000000	0.000000	28.000000	0.000000	0.000000	0.000000	0.000000	
0	9	0.000000	0.000000	1.000000	0.000000	0.000000	0.000000	0.000000	0.000000	0.000000	95.000000	0.000000	0.000000	0.000000	0.000000	
0	7	0.000000	0.000000	0.000000	0.000000	0.000000	0.000000	0.000000	1.000000	1.000000	0.000000	0.000000	0.000000	1.000000	0.000000	
1	9	-0.013919	1	200	1.000000	
0	9	0.000000	0.000000	1.000000	0.000000	0.000000	0.000000	0.000000	1.000000	0.000000	49.000000	0.000000	3.000000	0.000000	0.000000	
1	9	0.276946	1	205	1.000000	
0	12	0.000000	0.000000	3.000000	0.000000	0.000000	0.000000	0.000000	0.000000	0.000000	1.000000	1.000000	0.000000	5.000000	0.000000	
1	9	-0.012123	1	265	1.000000	
0	9	0.000000	0.000000	0.000000	0.000000	0.000000	0.000000	0.000000	0.000000	0.000000	18.000000	0.000000	1.000000	0.000000	0.000000	
1	10	0.013449	1	280	1.000000	
0	10	0.000000	0.000000	0.000000	0.000000	0.000000	0.000000	0.000000	2.000000	3.000000	6.000000	8.000000	0.000000	3.000000	0.000000	
0	10	0.000000	0.000000	0.000000	0.000000	0.000000	0.000000	0.000000	0.000000	0.000000	38.000000	41.000000	0.000000	1.000000	0.000000	
1	12	0.086057	1	138	1.000000	
1	2	0.238284	1	330	1.000000	
1	12	0.019385	1	246	1.000000	
0	11	0.000000	0.000000	31.000000	0.000000	0.000000	0.000000	0.000000	0.000000	0.000000	0.000000	0.000000	36.000000	12.000000	0.000000	
0	12	0.000000	0.000000	0.000000	0.000000	0.000000	0.000000	0.000000	0.000000	0.000000	0.000000	0.000000	3.000000	48.000000	0.000000	
1	2	0.222379	1	142	1.000000	
1	2	0.086267	1	196	1.000000	
0	1	0.000000	3.000000	1.000000	0.000000	0.000000	0.000000	0.000000	0.000000	0.000000	0.000000	0.000000	0.000000	0.000000	0.000000	
1	2	0.024986	1	183	1.000000	
0	2	0.000000	0.000000	142.000000	0.000000	0.000000	0.000000	0.000000	0.000000	0.000000	0.000000	0.000000	0.000000	0.000000	0.000000	
0	2	0.000000	1.000000	7.000000	0.000000	0.000000	0.000000	0.000000	0.000000	0.000000	0.000000	0.000000	0.000000	0.000000	0.000000	
0	2	0.000000	0.000000	19.000000	0.000000	0.000000	0.000000	0.000000	0.000000	0.000000	0.000000	2.000000	0.000000	14.000000	0.000000	
1	11	0.060868	1	219	1.000000	
1	12	0.001751	1	261	1.000000	
0	11	0.000000	0.000000	7.000000	0.000000	0.000000	0.000000	0.000000	0.000000	4.000000	8.000000	3.000000	50.000000	22.000000	0.000000	
1	12	0.241121	1	225	1.000000	
1	12	-0.013919	1	200	1.000000	
0	2	0.000000	0.000000	6.000000	0.000000	0.000000	0.000000	0.000000	0.000000	0.000000	0.000000	0.000000	0.000000	0.000000	0.000000	
1	12	0.290893	1	178	1.000000	
1	12	0.241436	1	298	1.000000	
0	10	0.000000	0.000000	0.000000	0.000000	0.000000	0.000000	0.000000	0.000000	0.000000	0.000000	1.000000	0.000000	0.000000	0.000000	
1	12	0.002931	1	239	1.000000	
0	12	0.000000	0.000000	0.000000	0.000000	0.000000	0.000000	0.000000	0.000000	0.000000	0.000000	0.000000	2.000000	11.000000	0.000000	
0	12	0.000000	0.000000	0.000000	0.000000	0.000000	0.000000	0.000000	0.000000	0.000000	0.000000	0.000000	0.000000	123.000000	0.000000	
1	12	0.010555	1	262	1.000000	
0	11	0.000000	0.000000	0.000000	0.000000	0.000000	0.000000	0.000000	0.000000	0.000000	0.000000	0.000000	16.000000	16.000000	0.000000	
0	12	0.000000	0.000000	0.000000	0.000000	0.000000	0.000000	0.000000	0.000000	0.000000	0.000000	0.000000	7.000000	79.000000	0.000000	
1	12	0.187378	1	365	1.000000	
0	12	0.000000	0.000000	0.000000	0.000000	0.000000	0.000000	0.000000	0.000000	2.000000	0.000000	4.000000	2.000000	59.000000	0.000000	
0	10	0.000000	0.000000	0.000000	0.000000	1.000000	0.000000	0.000000	0.000000	0.000000	5.000000	23.000000	2.000000	14.000000	0.000000	
1	11	0.023318	1	260	1.000000	
1	11	0.071122	1	373	1.000000	
0	9	0.000000	0.000000	0.000000	0.000000	0.000000	0.000000	0.000000	4.000000	0.000000	42.000000	12.000000	17.000000	2.000000	0.000000	
0	11	0.000000	0.000000	12.000000	0.000000	0.000000	0.000000	0.000000	0.000000	0.000000	3.000000	0.000000	72.000000	8.000000	0.000000	
1	11	0.022367	1	265	1.000000	
1	11	0.221601	1	351	1.000000	
1	11	0.019385	1	246	1.000000	
1	11	0.265874	1	239	1.000000	
0	11	0.000000	0.000000	0.000000	0.000000	0.000000	0.000000	0.000000	0.000000	0.000000	1.000000	0.000000	5.000000	1.000000	0.000000	
1	11	0.021643	1	157	1.000000	
0	2	0.000000	0.000000	1.000000	0.000000	0.000000	0.000000	0.000000	0.000000	0.000000	0.000000	0.000000	0.000000	0.000000	0.000000	
1	11	-0.014584	1	247	1.000000	
0	11	0.000000	0.000000	2.000000	0.000000	0.000000	0.000000	0.000000	0.000000	0.000000	0.000000	0.000000	29.000000	0.000000	0.000000	
0	11	0.000000	0.000000	0.000000	0.000000	0.000000	0.000000	0.000000	0.000000	0.000000	0.000000	0.000000	134.000000	0.000000	0.000000	
0	11	0.000000	0.000000	0.000000	0.000000	0.000000	0.000000	0.000000	0.000000	0.000000	0.000000	0.000000	31.000000	7.000000	0.000000	
0	2	0.000000	0.000000	9.000000	0.000000	0.000000	0.000000	0.000000	0.000000	0.000000	0.000000	0.000000	3.000000	1.000000	0.000000	
0	12	0.000000	0.000000	0.000000	0.000000	0.000000	0.000000	0.000000	0.000000	0.000000	0.000000	0.000000	17.000000	27.000000	0.000000	
1	6	0.035881	1	134	1.000000	
1	3	0.043431	1	213	1.000000	
1	3	0.016384	1	238	1.000000	
1	3	0.121464	1	113	1.000000	
1	3	0.001610	1	237	1.000000	
1	3	0.084059	1	212	1.000000	
1	3	-0.014832	1	278	1.000000	
0	1	0.000000	13.000000	0.000000	10.000000	0.000000	3.000000	0.000000	0.000000	0.000000	0.000000	0.000000	0.000000	0.000000	0.000000	
1	3	-0.012733	1	176	1.000000	
0	3	0.000000	0.000000	0.000000	67.000000	0.000000	0.000000	0.000000	0.000000	0.000000	0.000000	0.000000	0.000000	0.000000	0.000000	
0	3	0.000000	13.000000	0.000000	64.000000	0.000000	0.000000	0.000000	0.000000	0.000000	0.000000	0.000000	0.000000	0.000000	0.000000	
0	1	0.000000	52.000000	0.000000	15.000000	0.000000	0.000000	0.000000	0.000000	0.000000	0.000000	0.000000	0.000000	0.000000	0.000000	
1	3	0.019238	1	237	1.000000	
1	3	0.022831	1	219	1.000000	
1	3	-0.036787	1	95	1.000000	
0	3	0.000000	4.000000	0.000000	12.000000	0.000000	0.000000	0.000000	0.000000	0.000000	0.000000	0.000000	0.000000	0.000000	0.000000	
1	3	0.164105	1	180	1.000000	
0	3	0.000000	0.000000	0.000000	22.000000	4.000000	0.000000	0.000000	0.000000	0.000000	0.000000	0.000000	0.000000	0.000000	0.000000	
0	3	0.000000	0.000000	0.000000	140.000000	0.000000	0.000000	0.000000	0.000000	0.000000	0.000000	0.000000	0.000000	0.000000	0.000000	
0	4	0.000000	0.000000	0.000000	0.000000	6.000000	0.000000	0.000000	0.000000	0.000000	0.000000	0.000000	0.000000	0.000000	0.000000	
0	6	0.000000	0.000000	0.000000	0.000000	1.000000	0.000000	5.000000	0.000000	0.000000	0.000000	0.000000	0.000000	0.000000	0.000000	
1	6	0.002831	1	277	1.000000	
0	3	0.000000	10.000000	0.000000	50.000000	5.000000	25.000000	9.000000	0.000000	0.000000	0.000000	0.000000	0.000000	0.000000	0.000000	
0	6	0.000000	0.000000	0.000000	0.000000	8.000000	1.000000	49.000000	0.000000	4.000000	0.000000	0.000000	0.000000	0.000000	0.000000	
1	4	0.236688	1	191	1.000000	
0	3	0.000000	0.000000	0.000000	28.000000	26.000000	0.000000	12.000000	0.000000	0.000000	0.000000	0.000000	0.000000	0.000000	0.000000	
1	4	0.034420	1	218	1.000000	
1	4	0.077456	1	260	1.000000	
1	4	-0.002296	1	196	1.000000	
0	4	0.000000	0.000000	0.000000	2.000000	50.000000	0.000000	12.000000	0.000000	1.000000	0.000000	0.000000	0.000000	0.000000	0.000000	
1	4	0.021767	1	194	1.000000	
1	4	0.019315	1	238	1.000000	
0	4	0.000000	0.000000	0.000000	2.000000	9.000000	0.000000	0.000000	0.000000	0.000000	0.000000	0.000000	0.000000	0.000000	0.000000	
0	4	0.000000	0.000000	0.000000	0.000000	94.000000	0.000000	0.000000	0.000000	1.000000	0.000000	0.000000	0.000000	0.000000	0.000000	
0	3	0.000000	0.000000	0.000000	1.000000	0.000000	0.000000	0.000000	0.000000	1.000000	0.000000	0.000000	0.000000	0.000000	0.000000	
0	3	0.000000	0.000000	0.000000	5.000000	0.000000	0.000000	0.000000	0.000000	0.000000	0.000000	0.000000	0.000000	0.000000	0.000000	
0	8	0.000000	0.000000	0.000000	0.000000	0.000000	0.000000	0.000000	0.000000	5.000000	0.000000	0.000000	0.000000	0.000000	0.000000	
1	1	0.245185	1	93	1.000000	
1	1	0.007162	1	195	1.000000	
1	1	0.172499	1	216	1.000000	
1	1	0.062195	1	297	1.000000	
0	1	0.000000	4.000000	0.000000	1.000000	0.000000	0.000000	0.000000	0.000000	0.000000	0.000000	0.000000	0.000000	0.000000	0.000000	
1	1	-0.037381	1	152	1.000000	
0	1	0.000000	3.000000	1.000000	0.000000	0.000000	0.000000	0.000000	0.000000	0.000000	0.000000	0.000000	0.000000	0.000000	0.000000	
0	1	0.000000	200.000000	0.000000	0.000000	0.000000	0.000000	0.000000	0.000000	0.000000	0.000000	0.000000	0.000000	0.000000	0.000000	
0	1	0.000000	20.000000	5.000000	0.000000	0.000000	0.000000	0.000000	0.000000	0.000000	0.000000	0.000000	0.000000	0.000000	0.000000	
1	2	-0.011172	1	155	1.000000	
0	1	0.000000	39.000000	3.000000	0.000000	2.000000	0.000000	0.000000	0.000000	0.000000	0.000000	0.000000	0.000000	0.000000	0.000000	
0	2	0.000000	22.000000	69.000000	1.000000	3.000000	0.000000	0.000000	0.000000	1.000000	0.000000	0.000000	0.000000	0.000000	0.000000	
1	4	0.016905	1	243	1.000000	
0	1	0.000000	35.000000	0.000000	0.000000	3.000000	0.000000	0.000000	0.000000	17.000000	0.000000	24.000000	0.000000	0.000000	0.000000	
1	4	0.020556	1	235	1.000000	
1	4	0.016384	1	238	1.000000	
0	8	0.000000	2.000000	0.000000	1.000000	14.000000	2.000000	0.000000	0.000000	15.000000	0.000000	0.000000	0.000000	0.000000	0.000000	
1	4	0.149311	1	274	1.000000	
0	8	0.000000	0.000000	0.000000	0.000000	0.000000	0.000000	0.000000	0.000000	1.000000	0.000000	0.000000	0.000000	0.000000	0.000000	
0	4	0.000000	0.000000	0.000000	0.000000	139.000000	0.000000	0.000000	0.000000	0.000000	0.000000	0.000000	0.000000	0.000000	0.000000	
0	8	0.000000	0.000000	0.000000	0.000000	22.000000	0.000000	0.000000	0.000000	32.000000	0.000000	10.000000	0.000000	0.000000	0.000000	
1	5	0.190784	1	242	1.000000	
1	7	0.003558	1	282	1.000000	
1	7	-0.008957	1	277	1.000000	
1	5	0.000671	1	242	1.000000	
1	5	-0.019745	1	239	1.000000	
0	5	0.000000	0.000000	0.000000	0.000000	0.000000	50.000000	0.000000	5.000000	0.000000	0.000000	0.000000	0.000000	0.000000	0.000000	
0	5	0.000000	3.000000	0.000000	0.000000	0.000000	21.000000	0.000000	21.000000	0.000000	2.000000	0.000000	0.000000	0.000000	0.000000	
0	7	0.000000	0.000000	1.000000	2.000000	0.000000	0.000000	0.000000	36.000000	0.000000	0.000000	0.000000	0.000000	0.000000	0.000000	
1	7	0.045541	1	237	1.000000	
1	7	0.020700	1	236	1.000000	
1	7	0.283891	1	155	1.000000	
0	3	0.000000	3.000000	1.000000	4.000000	1.000000	0.000000	0.000000	0.000000	3.000000	0.000000	0.000000	0.000000	0.000000	0.000000	
1	7	0.013449	1	280	1.000000	
1	7	0.121876	1	369	1.000000	
0	7	0.000000	0.000000	0.000000	0.000000	0.000000	0.000000	0.000000	75.000000	5.000000	1.000000	0.000000	0.000000	0.000000	0.000000	
0	7	0.000000	0.000000	0.000000	0.000000	0.000000	1.000000	0.000000	53.000000	0.000000	16.000000	0.000000	0.000000	0.000000	0.000000	
0	7	0.000000	0.000000	0.000000	0.000000	0.000000	0.000000	0.000000	22.000000	19.000000	8.000000	3.000000	0.000000	0.000000	0.000000	
1	9	0.001074	1	278	1.000000	
0	7	0.000000	0.000000	1.000000	0.000000	0.000000	1.000000	0.000000	19.000000	1.000000	10.000000	0.000000	0.000000	0.000000	0.000000	
0	9	0.000000	0.000000	1.000000	0.000000	0.000000	0.000000	0.000000	6.000000	6.000000	62.000000	4.000000	0.000000	0.000000	0.000000	
1	7	-0.007199	1	320	1.000000	
0	5	0.000000	0.000000	0.000000	0.000000	0.000000	15.000000	0.000000	1.000000	0.000000	2.000000	0.000000	0.000000	0.000000	0.000000	
0	7	0.000000	0.000000	0.000000	0.000000	0.000000	0.000000	0.000000	62.000000	1.000000	4.000000	0.000000	18.000000	0.000000	0.000000	
1	10	0.041824	1	235	1.000000	
1	8	0.016994	1	322	1.000000	
1	4	0.010555	1	262	1.000000	
0	8	0.000000	0.000000	0.000000	0.000000	3.000000	0.000000	13.000000	13.000000	36.000000	0.000000	4.000000	0.000000	0.000000	0.000000	
1	4	-0.005180	1	219	1.000000	
0	4	0.000000	0.000000	0.000000	4.000000	24.000000	1.000000	8.000000	3.000000	0.000000	1.000000	0.000000	0.000000	0.000000	0.000000	
0	4	0.000000	0.000000	0.000000	0.000000	62.000000	0.000000	0.000000	0.000000	22.000000	0.000000	0.000000	0.000000	0.000000	0.000000	
1	8	0.004447	1	218	1.000000	
1	8	0.023318	1	260	1.000000	
0	7	0.000000	0.000000	0.000000	0.000000	0.000000	0.000000	0.000000	37.000000	33.000000	2.000000	2.000000	0.000000	0.000000	0.000000	
0	8	0.000000	0.000000	0.000000	0.000000	3.000000	0.000000	0.000000	1.000000	50.000000	0.000000	4.000000	0.000000	0.000000	0.000000	
0	10	0.000000	0.000000	0.000000	0.000000	2.000000	0.000000	0.000000	0.000000	22.000000	4.000000	31.000000	0.000000	0.000000	0.000000	
1	10	-0.006470	1	239	1.000000	
0	8	0.000000	0.000000	0.000000	0.000000	0.000000	3.000000	3.000000	26.000000	27.000000	18.000000	3.000000	4.000000	0.000000	0.000000	
1	10	0.126498	1	237	1.000000	
1	10	0.002931	1	239	1.000000	
0	10	0.000000	0.000000	1.000000	0.000000	1.000000	0.000000	0.000000	2.000000	37.000000	11.000000	43.000000	0.000000	1.000000	0.000000	
1	10	0.015072	1	282	1.000000	
0	10	0.000000	0.000000	0.000000	0.000000	0.000000	0.000000	0.000000	0.000000	3.000000	8.000000	9.000000	0.000000	0.000000	0.000000	
1	10	0.078946	1	222	1.000000	
1	10	0.025487	1	287	1.000000	
0	10	0.000000	0.000000	0.000000	0.000000	0.000000	0.000000	0.000000	0.000000	0.000000	0.000000	5.000000	0.000000	2.000000	0.000000	
1	10	0.043144	1	224	1.000000	
0	10	0.000000	0.000000	0.000000	0.000000	0.000000	0.000000	0.000000	0.000000	0.000000	1.000000	17.000000	0.000000	0.000000	0.000000	
0	10	0.000000	0.000000	0.000000	0.000000	0.000000	0.000000	0.000000	0.000000	0.000000	0.000000	138.000000	0.000000	0.000000	0.000000	
0	10	0.000000	0.000000	0.000000	0.000000	0.000000	0.000000	0.000000	0.000000	7.000000	4.000000	11.000000	0.000000	1.000000	0.000000	
0	12	0.000000	2.000000	5.000000	0.000000	0.000000	0.000000	0.000000	1.000000	8.000000	0.000000	12.000000	13.000000	18.000000	0.000000	
1	6	0.013449	1	280	1.000000	
1	5	0.115730	1	154	1.000000	
1	3	0.064226	1	316	1.000000	
0	5	0.000000	0.000000	0.000000	0.000000	0.000000	35.000000	34.000000	1.000000	0.000000	0.000000	0.000000	0.000000	0.000000	0.000000	
0	3	0.000000	6.000000	0.000000	60.000000	4.000000	14.000000	10.000000	0.000000	0.000000	0.000000	0.000000	0.000000	0.000000	0.000000	
1	5	0.000516	1	301	1.000000	
1	5	0.009611	1	213	1.000000	
1	5	0.119249	1	190	1.000000	
0	1	0.000000	2.000000	0.000000	2.000000	0.000000	0.000000	0.000000	0.000000	0.000000	0.000000	0.000000	0.000000	0.000000	0.000000	
1	5	-0.008974	1	278	1.000000	
0	5	0.000000	0.000000	0.000000	0.000000	0.000000	53.000000	0.000000	0.000000	0.000000	0.000000	0.000000	0.000000	0.000000	0.000000	
0	5	0.000000	0.000000	0.000000	0.000000	0.000000	54.000000	13.000000	0.000000	0.000000	0.000000	0.000000	0.000000	0.000000	0.000000	
1	5	0.066013	1	346	1.000000	
1	5	-0.004255	1	283	1.000000	
0	5	0.000000	0.000000	0.000000	0.000000	0.000000	86.000000	1.000000	9.000000	0.000000	0.000000	0.000000	0.000000	0.000000	0.000000	
0	5	0.000000	0.000000	0.000000	0.000000	0.000000	24.000000	10.000000	0.000000	1.000000	0.000000	0.000000	0.000000	0.000000	0.000000	
0	7	0.000000	0.000000	0.000000	0.000000	0.000000	1.000000	1.000000	21.000000	1.000000	0.000000	0.000000	0.000000	0.000000	0.000000	
1	6	0.242163	1	305	1.000000	
0	6	0.000000	0.000000	0.000000	2.000000	1.000000	7.000000	48.000000	14.000000	2.000000	1.000000	0.000000	0.000000	0.000000	0.000000	
1	5	-0.010535	1	280	1.000000	
0	5	0.000000	0.000000	0.000000	0.000000	0.000000	50.000000	4.000000	0.000000	0.000000	0.000000	0.000000	0.000000	0.000000	0.000000	
0	6	0.000000	0.000000	0.000000	0.000000	0.000000	24.000000	59.000000	2.000000	3.000000	0.000000	0.000000	0.000000	0.000000	0.000000	
1	6	0.235602	1	241	1.000000	
1	8	0.022273	1	257	1.000000	
1	6	0.035610	1	176	1.000000	
0	6	0.000000	0.000000	0.000000	4.000000	17.000000	0.000000	19.000000	0.000000	13.000000	0.000000	0.000000	0.000000	0.000000	0.000000	
0	6	0.000000	0.000000	0.000000	0.000000	0.000000	11.000000	30.000000	5.000000	11.000000	1.000000	0.000000	0.000000	0.000000	0.000000	
0	8	0.000000	0.000000	0.000000	0.000000	0.000000	0.000000	7.000000	1.000000	71.000000	0.000000	5.000000	0.000000	0.000000	0.000000	
1	6	0.045541	1	237	1.000000	
1	6	-0.018650	1	261	1.000000	
0	5	0.000000	0.000000	0.000000	0.000000	0.000000	4.000000	0.000000	1.000000	0.000000	0.000000	0.000000	0.000000	0.000000	0.000000	
1	6	0.013809	1	192	1.000000	
0	6	0.000000	0.000000	0.000000	0.000000	0.000000	10.000000	65.000000	0.000000	0.000000	0.000000	0.000000	0.000000	0.000000	0.000000	
1	6	0.081986	1	263	1.000000	
0	6	0.000000	0.000000	0.000000	0.000000	0.000000	0.000000	2.000000	0.000000	2.000000	0.000000	0.000000	0.000000	0.000000	0.000000	
0	6	0.000000	0.000000	0.000000	0.000000	0.000000	0.000000	96.000000	0.000000	1.000000	0.000000	0.000000	0.000000	0.000000	0.000000	
0	8	0.000000	1.000000	7.000000	0.000000	0.000000	0.000000	3.000000	0.000000	8.000000	0.000000	0.000000	0.000000	0.000000	0.000000	

1	2	0.195540	1	244	1.000000	
1	11	0.093914	1	115	1.000000	
1	13	0.215264	1	353	1.000000	
0	13	0.000000	0.000000	0.000000	0.000000	0.000000	0.000000	0.000000	0.000000	0.000000	0.000000	0.000000	0.000000	0.000000	467.000000	
1	2	0.033925	1	216	1.000000	
0	1	0.000000	65.000000	12.000000	0.000000	1.000000	0.000000	0.000000	0.000000	4.000000	0.000000	11.000000	0.000000	0.000000	0.000000	
1	2	-0.004356	1	197	1.000000	
0	2	0.000000	14.000000	27.000000	0.000000	0.000000	0.000000	0.000000	0.000000	0.000000	0.000000	1.000000	0.000000	1.000000	0.000000	
1	2	0.021145	1	221	1.000000	
1	2	-0.024567	1	34	1.000000	
0	2	0.000000	2.000000	8.000000	0.000000	0.000000	0.000000	0.000000	0.000000	0.000000	0.000000	0.000000	0.000000	0.000000	0.000000	
1	2	0.288290	1	269	1.000000	
0	2	0.000000	0.000000	14.000000	0.000000	0.000000	0.000000	0.000000	0.000000	0.000000	0.000000	0.000000	0.000000	2.000000	0.000000	
0	2	0.000000	0.000000	199.000000	0.000000	0.000000	0.000000	0.000000	0.000000	0.000000	0.000000	0.000000	0.000000	0.000000	0.000000	
0	12	0.000000	0.000000	0.000000	0.000000	0.000000	0.000000	0.000000	0.000000	0.000000	0.000000	1.000000	0.000000	2.000000	0.000000	
1	11	0.057426	1	237	1.000000	
1	10	0.000526	1	239	1.000000	
1	9	0.004971	1	257	1.000000	
1	7	0.023879	1	157	1.000000	
0	1	0.000000	13.000000	5.000000	0.000000	0.000000	3.000000	0.000000	6.000000	0.000000	0.000000	0.000000	0.000000	0.000000	0.000000	
0	7	0.000000	0.000000	1.000000	0.000000	0.000000	0.000000	0.000000	49.000000	8.000000	25.000000	1.000000	0.000000	0.000000	0.000000	
1	9	0.064671	1	156	1.000000	
0	2	0.000000	0.000000	19.000000	0.000000	0.000000	0.000000	0.000000	0.000000	13.000000	4.000000	4.000000	0.000000	0.000000	0.000000	
1	9	0.016647	1	283	1.000000	
1	9	0.264901	1	236	1.000000	
0	9	0.000000	0.000000	0.000000	0.000000	0.000000	0.000000	0.000000	2.000000	1.000000	14.000000	8.000000	0.000000	0.000000	0.000000	
0	9	0.000000	0.000000	5.000000	0.000000	0.000000	0.000000	0.000000	1.000000	0.000000	77.000000	0.000000	1.000000	2.000000	0.000000	
0	10	0.000000	0.000000	1.000000	0.000000	0.000000	0.000000	0.000000	0.000000	3.000000	4.000000	17.000000	0.000000	4.000000	0.000000	
1	10	0.025086	1	256	1.000000	
0	4	0.000000	1.000000	0.000000	0.000000	21.000000	0.000000	0.000000	0.000000	1.000000	4.000000	3.000000	0.000000	0.000000	0.000000	
1	10	0.000124	1	284	1.000000	
0	9	0.000000	0.000000	0.000000	0.000000	0.000000	0.000000	0.000000	2.000000	0.000000	35.000000	6.000000	0.000000	2.000000	0.000000	
1	10	0.004596	1	223	1.000000	
0	10	0.000000	0.000000	1.000000	0.000000	0.000000	0.000000	0.000000	0.000000	0.000000	2.000000	16.000000	0.000000	16.000000	0.000000	
1	10	0.016647	1	283	1.000000	
0	10	0.000000	0.000000	0.000000	0.000000	0.000000	0.000000	0.000000	0.000000	3.000000	20.000000	42.000000	0.000000	0.000000	0.000000	
1	10	0.028082	1	340	1.000000	
0	10	0.000000	0.000000	0.000000	0.000000	0.000000	0.000000	0.000000	0.000000	0.000000	0.000000	5.000000	0.000000	4.000000	0.000000	
1	10	0.018635	1	215	1.000000	
0	8	0.000000	0.000000	0.000000	0.000000	0.000000	0.000000	0.000000	0.000000	2.000000	0.000000	2.000000	0.000000	0.000000	0.000000	
1	10	0.002736	1	260	1.000000	
0	10	0.000000	0.000000	0.000000	0.000000	0.000000	0.000000	0.000000	0.000000	1.000000	2.000000	9.000000	0.000000	0.000000	0.000000	
1	10	0.005715	1	196	1.000000	
0	10	0.000000	0.000000	0.000000	0.000000	0.000000	0.000000	0.000000	0.000000	0.000000	1.000000	8.000000	0.000000	0.000000	0.000000	
0	10	0.000000	0.000000	0.000000	0.000000	0.000000	0.000000	0.000000	0.000000	0.000000	0.000000	145.000000	0.000000	0.000000	0.000000	
1	11	0.002736	1	260	1.000000	
1	9	0.034290	1	245	1.000000	
1	9	0.109117	1	392	1.000000	
1	9	0.016647	1	283	1.000000	
1	9	0.012368	1	388	1.000000	
1	9	-0.006826	1	239	1.000000	
0	9	0.000000	0.000000	0.000000	0.000000	0.000000	0.000000	0.000000	10.000000	0.000000	44.000000	0.000000	1.000000	0.000000	0.000000	
0	11	0.000000	0.000000	3.000000	0.000000	0.000000	0.000000	0.000000	2.000000	0.000000	18.000000	1.000000	32.000000	1.000000	0.000000	
0	9	0.000000	0.000000	0.000000	0.000000	0.000000	0.000000	0.000000	0.000000	0.000000	71.000000	0.000000	0.000000	0.000000	0.000000	
0	10	0.000000	0.000000	0.000000	0.000000	0.000000	0.000000	0.000000	0.000000	0.000000	22.000000	24.000000	0.000000	0.000000	0.000000	
1	9	0.127836	1	180	1.000000	
0	2	0.000000	0.000000	44.000000	0.000000	0.000000	0.000000	0.000000	0.000000	1.000000	23.000000	2.000000	2.000000	12.000000	0.000000	
0	9	0.000000	0.000000	1.000000	0.000000	0.000000	0.000000	0.000000	0.000000	0.000000	28.000000	0.000000	19.000000	5.000000	0.000000	
0	7	0.000000	0.000000	0.000000	0.000000	0.000000	0.000000	0.000000	50.000000	1.000000	6.000000	9.000000	12.000000	0.000000	0.000000	
1	11	0.118372	1	219	1.000000	
1	12	-0.002321	1	205	1.000000	
0	2	0.000000	0.000000	33.000000	0.000000	0.000000	0.000000	0.000000	0.000000	0.000000	3.000000	0.000000	7.000000	5.000000	0.000000	
1	12	0.002283	1	261	1.000000	
0	11	0.000000	0.000000	2.000000	0.000000	0.000000	0.000000	0.000000	5.000000	1.000000	1.000000	4.000000	47.000000	24.000000	0.000000	
1	12	-0.006826	1	239	1.000000	
0	9	0.000000	0.000000	0.000000	0.000000	0.000000	0.000000	0.000000	2.000000	0.000000	7.000000	1.000000	1.000000	0.000000	0.000000	
1	12	0.205441	1	204	1.000000	
1	12	0.237107	1	143	1.000000	
0	2	0.000000	0.000000	3.000000	0.000000	0.000000	0.000000	0.000000	0.000000	0.000000	0.000000	0.000000	0.000000	0.000000	0.000000	
1	12	0.018717	1	284	1.000000	
1	12	0.011851	1	304	1.000000	
0	12	0.000000	0.000000	0.000000	0.000000	0.000000	0.000000	0.000000	0.000000	0.000000	0.000000	1.000000	0.000000	51.000000	0.000000	
0	12	0.000000	0.000000	0.000000	0.000000	0.000000	0.000000	0.000000	0.000000	0.000000	0.000000	0.000000	16.000000	55.000000	0.000000	
1	12	0.008095	1	262	1.000000	
0	12	0.000000	0.000000	0.000000	0.000000	0.000000	0.000000	0.000000	0.000000	0.000000	0.000000	0.000000	1.000000	9.000000	0.000000	
0	12	0.000000	0.000000	0.000000	0.000000	0.000000	0.000000	0.000000	0.000000	0.000000	0.000000	0.000000	0.000000	160.000000	0.000000	
0	12	0.000000	0.000000	0.000000	0.000000	0.000000	0.000000	0.000000	0.000000	1.000000	0.000000	12.000000	16.000000	55.000000	0.000000	
1	11	0.219806	1	138	1.000000	
0	2	0.000000	0.000000	62.000000	0.000000	0.000000	0.000000	0.000000	0.000000	0.000000	0.000000	0.000000	30.000000	0.000000	0.000000	
1	11	0.008095	1	262	1.000000	
1	11	0.274890	1	279	1.000000	
0	7	0.000000	0.000000	0.000000	0.000000	0.000000	0.000000	0.000000	5.000000	1.000000	0.000000	0.000000	0.000000	0.000000	0.000000	
1	11	0.176248	1	371	1.000000	
1	11	-0.014475	1	161	1.000000	
0	11	0.000000	0.000000	4.000000	0.000000	0.000000	0.000000	0.000000	0.000000	0.000000	0.000000	0.000000	15.000000	0.000000	0.000000	
1	11	0.241375	1	239	1.000000	
0	11	0.000000	0.000000	0.000000	0.000000	0.000000	0.000000	0.000000	0.000000	0.000000	0.000000	0.000000	39.000000	4.000000	0.000000	
0	11	0.000000	0.000000	0.000000	0.000000	0.000000	0.000000	0.000000	0.000000	0.000000	0.000000	0.000000	147.000000	0.000000	0.000000	
0	2	0.000000	0.000000	16.000000	0.000000	0.000000	0.000000	0.000000	0.000000	0.000000	0.000000	0.000000	16.000000	1.000000	0.000000	
1	11	0.017746	1	242	1.000000	
0	11	0.000000	0.000000	0.000000	0.000000	0.000000	0.000000	0.000000	0.000000	0.000000	1.000000	1.000000	63.000000	18.000000	0.000000	
0	12	0.000000	0.000000	0.000000	0.000000	0.000000	0.000000	0.000000	0.000000	0.000000	0.000000	1.000000	4.000000	20.000000	0.000000	
1	3	0.037540	1	155	1.000000	
1	3	0.074443	1	92	1.000000	
1	1	0.104393	1	213	1.000000	
1	3	0.014899	1	217	1.000000	
1	3	-0.008185	1	216	1.000000	
0	1	0.000000	48.000000	0.000000	25.000000	0.000000	0.000000	0.000000	0.000000	0.000000	0.000000	0.000000	0.000000	0.000000	0.000000	
1	3	0.015468	1	200	1.000000	
0	3	0.000000	24.000000	0.000000	65.000000	3.000000	0.000000	0.000000	0.000000	0.000000	0.000000	0.000000	0.000000	0.000000	0.000000	
1	3	0.093914	1	115	1.000000	
0	3	0.000000	0.000000	0.000000	124.000000	0.000000	0.000000	0.000000	0.000000	0.000000	0.000000	0.000000	0.000000	0.000000	0.000000	
0	3	0.000000	2.000000	0.000000	14.000000	0.000000	0.000000	0.000000	0.000000	0.000000	0.000000	0.000000	0.000000	0.000000	0.000000	
0	4	0.000000	0.000000	0.000000	14.000000	34.000000	0.000000	1.000000	0.000000	0.000000	0.000000	0.000000	0.000000	0.000000	0.000000	
1	1	0.006617	1	217	1.000000	
1	1	0.062275	1	223	1.000000	
0	1	0.000000	17.000000	3.000000	0.000000	0.000000	0.000000	0.000000	0.000000	0.000000	0.000000	0.000000	0.000000	0.000000	0.000000	
1	1	0.092629	1	254	1.000000	
0	1	0.000000	1.000000	0.000000	1.000000	0.000000	0.000000	0.000000	0.000000	0.000000	0.000000	0.000000	0.000000	0.000000	0.000000	
0	1	0.000000	171.000000	0.000000	0.000000	0.000000	0.000000	0.000000	0.000000	0.000000	0.000000	0.000000	0.000000	0.000000	0.000000	
0	2	0.000000	22.000000	42.000000	1.000000	12.000000	0.000000	0.000000	0.000000	0.000000	0.000000	0.000000	0.000000	0.000000	0.000000	
1	4	0.012041	1	281	1.000000	
1	3	0.000526	1	239	1.000000	
1	1	-0.010517	1	257	1.000000	
0	1	0.000000	51.000000	0.000000	4.000000	0.000000	38.000000	0.000000	5.000000	0.000000	0.000000	0.000000	0.000000	0.000000	0.000000	
1	3	0.021769	1	316	1.000000	
0	6	0.000000	0.000000	0.000000	0.000000	2.000000	12.000000	25.000000	1.000000	0.000000	0.000000	0.000000	0.000000	0.000000	0.000000	
0	3	0.000000	9.000000	0.000000	39.000000	3.000000	0.000000	11.000000	1.000000	3.000000	0.000000	0.000000	0.000000	0.000000	0.000000	
1	3	0.012070	1	213	1.000000	
1	3	0.053605	1	261	1.000000	
1	3	0.014732	1	153	1.000000	
1	3	0.021484	1	198	1.000000	
1	3	0.003713	1	384	1.000000	
0	3	0.000000	0.000000	0.000000	3.000000	2.000000	0.000000	0.000000	0.000000	0.000000	0.000000	0.000000	0.000000	0.000000	0.000000	
1	3	0.009693	1	301	1.000000	
0	3	0.000000	0.000000	0.000000	108.000000	0.000000	0.000000	0.000000	0.000000	0.000000	0.000000	0.000000	0.000000	0.000000	0.000000	
0	3	0.000000	0.000000	0.000000	10.000000	1.000000	0.000000	0.000000	0.000000	0.000000	0.000000	0.000000	0.000000	0.000000	0.000000	
0	4	0.000000	0.000000	0.000000	1.000000	3.000000	0.000000	0.000000	0.000000	0.000000	0.000000	0.000000	0.000000	0.000000	0.000000	
0	4	0.000000	0.000000	0.000000	15.000000	16.000000	0.000000	0.000000	0.000000	0.000000	0.000000	0.000000	0.000000	0.000000	0.000000	
0	5	0.000000	0.000000	0.000000	0.000000	0.000000	4.000000	1.000000	0.000000	0.000000	0.000000	0.000000	0.000000	0.000000	0.000000	
0	4	0.000000	3.000000	0.000000	10.000000	34.000000	2.000000	0.000000	3.000000	11.000000	0.000000	2.000000	0.000000	0.000000	0.000000	
1	4	0.225210	1	241	1.000000	
1	4	0.018635	1	215	1.000000	
1	4	0.004856	1	261	1.000000	
0	8	0.000000	0.000000	0.000000	0.000000	1.000000	0.000000	10.000000	1.000000	16.000000	0.000000	0.000000	0.000000	0.000000	0.000000	
1	4	-0.014090	1	155	1.000000	
0	4	0.000000	0.000000	0.000000	8.000000	65.000000	0.000000	0.000000	0.000000	0.000000	0.000000	0.000000	0.000000	0.000000	0.000000	
1	4	0.030629	1	259	1.000000	
1	4	0.013185	1	221	1.000000	
0	4	0.000000	0.000000	0.000000	0.000000	42.000000	0.000000	0.000000	0.000000	19.000000	0.000000	1.000000	0.000000	0.000000	0.000000	
1	4	0.001698	1	198	1.000000	
0	4	0.000000	0.000000	0.000000	0.000000	70.000000	0.000000	9.000000	0.000000	4.000000	0.000000	0.000000	0.000000	0.000000	0.000000	
0	4	0.000000	0.000000	0.000000	0.000000	74.000000	0.000000	0.000000	0.000000	0.000000	0.000000	0.000000	0.000000	0.000000	0.000000	
0	8	0.000000	0.000000	0.000000	0.000000	8.000000	0.000000	0.000000	0.000000	16.000000	0.000000	2.000000	0.000000	0.000000	0.000000	
1	8	0.032303	1	194	1.000000	
1	8	0.293095	1	276	1.000000	
0	8	0.000000	0.000000	0.000000	0.000000	5.000000	0.000000	1.000000	0.000000	54.000000	0.000000	2.000000	0.000000	0.000000	0.000000	
0	4	0.000000	0.000000	0.000000	0.000000	34.000000	0.000000	0.000000	0.000000	12.000000	0.000000	0.000000	0.000000	0.000000	0.000000	
0	10	0.000000	3.000000	0.000000	0.000000	0.000000	0.000000	0.000000	0.000000	19.000000	0.000000	35.000000	0.000000	0.000000	0.000000	
1	6	0.008833	1	113	1.000000	
0	4	0.000000	5.000000	0.000000	14.000000	35.000000	0.000000	17.000000	0.000000	0.000000	0.000000	0.000000	0.000000	0.000000	0.000000	
1	6	0.025669	1	282	1.000000	
0	6	0.000000	0.000000	0.000000	3.000000	14.000000	0.000000	19.000000	0.000000	0.000000	0.000000	0.000000	0.000000	0.000000	0.000000	
1	6	0.001698	1	198	1.000000	
0	6	0.000000	1.000000	0.000000	0.000000	0.000000	1.000000	85.000000	0.000000	1.000000	0.000000	0.000000	0.000000	0.000000	0.000000	
0	6	0.000000	0.000000	0.000000	0.000000	0.000000	7.000000	9.000000	0.000000	2.000000	0.000000	0.000000	0.000000	0.000000	0.000000	
1	5	0.219538	1	242	1.000000	
1	7	0.012041	1	281	1.000000	
1	7	0.001233	1	320	1.000000	
1	7	-0.025507	1	280	1.000000	
0	5	0.000000	0.000000	0.000000	0.000000	0.000000	43.000000	0.000000	1.000000	0.000000	0.000000	0.000000	0.000000	0.000000	0.000000	
1	7	0.189868	1	383	1.000000	
1	7	0.037782	1	286	1.000000	
0	9	0.000000	0.000000	0.000000	0.000000	0.000000	2.000000	0.000000	1.000000	0.000000	14.000000	0.000000	5.000000	1.000000	0.000000	
0	7	0.000000	0.000000	0.000000	0.000000	0.000000	4.000000	0.000000	75.000000	1.000000	9.000000	1.000000	0.000000	0.000000	0.000000	
0	7	0.000000	1.000000	0.000000	1.000000	0.000000	23.000000	8.000000	25.000000	0.000000	0.000000	2.000000	0.000000	0.000000	0.000000	
1	7	0.004971	1	257	1.000000	
0	7	0.000000	0.000000	0.000000	0.000000	0.000000	0.000000	1.000000	85.000000	12.000000	0.000000	0.000000	0.000000	0.000000	0.000000	
1	7	-0.000995	1	304	1.000000	
0	9	0.000000	0.000000	0.000000	0.000000	0.000000	0.000000	0.000000	8.000000	0.000000	23.000000	0.000000	0.000000	0.000000	0.000000	
0	7	0.000000	0.000000	0.000000	0.000000	1.000000	0.000000	0.000000	48.000000	20.000000	7.000000	1.000000	5.000000	0.000000	0.000000	
1	8	0.011017	1	216	1.000000	
1	8	-0.004356	1	197	1.000000	
0	6	0.000000	0.000000	0.000000	0.000000	4.000000	0.000000	8.000000	4.000000	0.000000	0.000000	0.000000	0.000000	0.000000	0.000000	
1	8	-0.014320	1	259	1.000000	
0	7	0.000000	0.000000	0.000000	0.000000	0.000000	1.000000	1.000000	8.000000	0.000000	0.000000	0.000000	0.000000	0.000000	0.000000	
0	8	0.000000	0.000000	0.000000	0.000000	4.000000	0.000000	0.000000	17.000000	74.000000	0.000000	1.000000	0.000000	0.000000	0.000000	
1	10	0.015071	1	307	1.000000	
0	9	0.000000	0.000000	0.000000	0.000000	0.000000	0.000000	0.000000	2.000000	1.000000	21.000000	2.000000	0.000000	4.000000	0.000000	
1	10	0.004971	1	257	1.000000	
0	8	0.000000	0.000000	0.000000	0.000000	1.000000	2.000000	1.000000	7.000000	30.000000	1.000000	0.000000	0.000000	0.000000	0.000000	
1	10	0.109104	1	264	1.000000	
1	10	0.055709	1	307	1.000000	
0	10	0.000000	0.000000	0.000000	0.000000	1.000000	0.000000	0.000000	2.000000	13.000000	0.000000	22.000000	1.000000	3.000000	0.000000	
0	10	0.000000	0.000000	0.000000	0.000000	0.000000	0.000000	0.000000	0.000000	0.000000	2.000000	65.000000	0.000000	0.000000	0.000000	
0	8	0.000000	0.000000	0.000000	0.000000	1.000000	0.000000	0.000000	0.000000	32.000000	0.000000	16.000000	0.000000	0.000000	0.000000	
1	5	0.004696	1	279	1.000000	
1	5	0.102126	1	132	1.000000	
0	3	0.000000	3.000000	0.000000	29.000000	0.000000	0.000000	0.000000	0.000000	0.000000	0.000000	0.000000	0.000000	0.000000	0.000000	
1	5	0.278280	1	284	1.000000	
1	5	0.026324	1	403	1.000000	
0	7	0.000000	0.000000	0.000000	0.000000	0.000000	5.000000	0.000000	21.000000	0.000000	1.000000	0.000000	0.000000	0.000000	0.000000	
1	6	-0.000952	1	282	1.000000	
0	5	0.000000	0.000000	0.000000	2.000000	0.000000	55.000000	18.000000	3.000000	0.000000	0.000000	0.000000	0.000000	0.000000	0.000000	
0	6	0.000000	0.000000	0.000000	0.000000	2.000000	1.000000	40.000000	0.000000	2.000000	0.000000	0.000000	0.000000	0.000000	0.000000	
1	5	0.029730	1	260	1.000000	
1	5	-0.007233	1	214	1.000000	
1	5	0.140871	1	338	1.000000	
1	5	0.006617	1	217	1.000000	
0	5	0.000000	0.000000	0.000000	0.000000	0.000000	132.000000	0.000000	0.000000	0.000000	0.000000	0.000000	0.000000	0.000000	0.000000	
0	5	0.000000	0.000000	0.000000	0.000000	0.000000	13.000000	2.000000	0.000000	0.000000	0.000000	0.000000	0.000000	0.000000	0.000000	
0	5	0.000000	0.000000	0.000000	1.000000	0.000000	6.000000	3.000000	0.000000	0.000000	0.000000	0.000000	0.000000	0.000000	0.000000	
1	5	-0.001934	1	194	1.000000	
0	5	0.000000	0.000000	0.000000	0.000000	0.000000	14.000000	6.000000	7.000000	0.000000	0.000000	0.000000	0.000000	0.000000	0.000000	
0	5	0.000000	0.000000	0.000000	0.000000	0.000000	65.000000	13.000000	0.000000	0.000000	0.000000	0.000000	0.000000	0.000000	0.000000	
0	6	0.000000	0.000000	0.000000	0.000000	0.000000	0.000000	11.000000	0.000000	0.000000	0.000000	0.000000	0.000000	0.000000	0.000000	
1	6	0.043428	1	258	1.000000	
1	6	0.190534	1	262	1.000000	
1	6	-0.003990	1	258	1.000000	
0	6	0.000000	0.000000	0.000000	0.000000	0.000000	12.000000	43.000000	10.000000	2.000000	0.000000	0.000000	0.000000	0.000000	0.000000	
0	8	0.000000	0.000000	0.000000	2.000000	6.000000	0.000000	11.000000	19.000000	38.000000	0.000000	2.000000	0.000000	0.000000	0.000000	
1	6	-0.014320	1	259	1.000000	
0	5	0.000000	0.000000	0.000000	0.000000	0.000000	28.000000	18.000000	0.000000	0.000000	0.000000	0.000000	0.000000	0.000000	0.000000	
0	6	0.000000	0.000000	0.000000	0.000000	0.000000	4.000000	85.000000	0.000000	0.000000	0.000000	0.000000	0.000000	0.000000	0.000000	
0	8	0.000000	0.000000	6.000000	0.000000	0.000000	0.000000	1.000000	0.000000	43.000000	0.000000	3.000000	0.000000	0.000000	0.000000	

1	10	0.086177	1	244	1.000000	
1	13	0.107873	1	116	1.000000	
1	13	0.229065	1	0	1.000000	
0	13	0.000000	0.000000	0.000000	0.000000	0.000000	0.000000	0.000000	0.000000	0.000000	0.000000	0.000000	0.000000	0.000000	472.000000	
1	2	0.000183	1	217	1.000000	
1	1	0.004930	1	242	1.000000	
0	1	0.000000	78.000000	15.000000	0.000000	0.000000	0.000000	0.000000	0.000000	0.000000	0.000000	0.000000	0.000000	0.000000	0.000000	
0	2	0.000000	3.000000	15.000000	0.000000	0.000000	0.000000	0.000000	0.000000	2.000000	0.000000	5.000000	0.000000	0.000000	0.000000	
1	2	0.066514	1	96	1.000000	
1	2	-0.004103	1	177	1.000000	
0	2	0.000000	3.000000	38.000000	0.000000	0.000000	0.000000	0.000000	0.000000	0.000000	0.000000	0.000000	1.000000	0.000000	0.000000	
1	2	0.023978	1	221	1.000000	
0	2	0.000000	0.000000	176.000000	0.000000	0.000000	0.000000	0.000000	0.000000	0.000000	0.000000	0.000000	0.000000	0.000000	0.000000	
0	12	0.000000	0.000000	0.000000	0.000000	0.000000	0.000000	0.000000	0.000000	0.000000	0.000000	0.000000	0.000000	1.000000	0.000000	
0	2	0.000000	0.000000	29.000000	0.000000	0.000000	0.000000	0.000000	0.000000	1.000000	0.000000	5.000000	1.000000	14.000000	0.000000	
1	11	0.053302	1	237	1.000000	
1	10	-0.002180	1	218	1.000000	
1	9	0.225682	1	156	1.000000	
0	2	0.000000	21.000000	25.000000	0.000000	5.000000	0.000000	0.000000	6.000000	11.000000	4.000000	1.000000	0.000000	0.000000	0.000000	
1	9	-0.009510	1	237	1.000000	
0	7	0.000000	0.000000	0.000000	0.000000	0.000000	0.000000	0.000000	37.000000	0.000000	21.000000	0.000000	0.000000	0.000000	0.000000	
0	9	0.000000	0.000000	4.000000	0.000000	0.000000	0.000000	0.000000	3.000000	4.000000	77.000000	4.000000	0.000000	0.000000	0.000000	
1	10	0.134471	1	178	1.000000	
1	10	0.145936	1	223	1.000000	
1	10	-0.001892	1	244	1.000000	
0	12	0.000000	0.000000	3.000000	0.000000	0.000000	0.000000	0.000000	0.000000	0.000000	1.000000	5.000000	0.000000	18.000000	0.000000	
1	10	0.012840	1	236	1.000000	
0	10	0.000000	0.000000	0.000000	0.000000	2.000000	0.000000	0.000000	0.000000	7.000000	0.000000	21.000000	0.000000	0.000000	0.000000	
1	10	0.017934	1	266	1.000000	
0	10	0.000000	0.000000	0.000000	0.000000	0.000000	0.000000	0.000000	0.000000	0.000000	0.000000	21.000000	0.000000	5.000000	0.000000	
1	10	0.017492	1	262	1.000000	
0	10	0.000000	0.000000	0.000000	0.000000	0.000000	0.000000	0.000000	0.000000	0.000000	13.000000	55.000000	0.000000	0.000000	0.000000	
0	10	0.000000	0.000000	0.000000	0.000000	1.000000	0.000000	0.000000	0.000000	0.000000	0.000000	91.000000	0.000000	0.000000	0.000000	
0	8	0.000000	1.000000	0.000000	0.000000	11.000000	0.000000	0.000000	2.000000	22.000000	0.000000	17.000000	0.000000	0.000000	0.000000	
1	9	0.011498	1	283	1.000000	
0	9	0.000000	0.000000	0.000000	0.000000	0.000000	0.000000	0.000000	2.000000	2.000000	67.000000	12.000000	2.000000	1.000000	0.000000	
0	10	0.000000	0.000000	0.000000	0.000000	0.000000	0.000000	0.000000	0.000000	2.000000	15.000000	44.000000	0.000000	13.000000	0.000000	
1	11	0.018174	1	260	1.000000	
1	9	-0.002758	1	239	1.000000	
1	9	0.000679	1	279	1.000000	
0	7	0.000000	0.000000	6.000000	0.000000	0.000000	0.000000	0.000000	42.000000	2.000000	8.000000	0.000000	5.000000	0.000000	0.000000	
1	9	0.225682	1	156	1.000000	
0	2	0.000000	0.000000	12.000000	0.000000	0.000000	0.000000	0.000000	0.000000	0.000000	0.000000	0.000000	0.000000	0.000000	0.000000	
1	9	-0.017548	1	239	1.000000	
0	9	0.000000	0.000000	1.000000	0.000000	0.000000	0.000000	0.000000	0.000000	0.000000	66.000000	0.000000	0.000000	0.000000	0.000000	
1	9	-0.008415	1	301	1.000000	
0	7	0.000000	0.000000	3.000000	0.000000	0.000000	0.000000	0.000000	5.000000	0.000000	5.000000	0.000000	3.000000	0.000000	0.000000	
0	9	0.000000	0.000000	0.000000	0.000000	0.000000	0.000000	0.000000	2.000000	0.000000	62.000000	5.000000	21.000000	8.000000	0.000000	
1	12	0.241538	1	386	1.000000	
1	11	0.270261	1	238	1.000000	
0	12	0.000000	0.000000	0.000000	0.000000	0.000000	0.000000	0.000000	0.000000	0.000000	9.000000	6.000000	8.000000	31.000000	0.000000	
1	11	0.001717	1	259	1.000000	
0	7	0.000000	0.000000	0.000000	0.000000	0.000000	0.000000	0.000000	3.000000	0.000000	1.000000	2.000000	2.000000	0.000000	0.000000	
1	11	0.092691	1	219	1.000000	
0	11	0.000000	0.000000	2.000000	0.000000	0.000000	0.000000	0.000000	0.000000	0.000000	0.000000	0.000000	24.000000	17.000000	0.000000	
0	11	0.000000	0.000000	0.000000	0.000000	0.000000	0.000000	0.000000	0.000000	0.000000	0.000000	0.000000	69.000000	4.000000	0.000000	
1	12	0.098098	1	205	1.000000	
1	12	-0.004585	1	205	1.000000	
0	2	0.000000	0.000000	37.000000	0.000000	0.000000	0.000000	0.000000	0.000000	0.000000	5.000000	0.000000	8.000000	0.000000	0.000000	
0	12	0.000000	0.000000	13.000000	0.000000	0.000000	0.000000	0.000000	0.000000	0.000000	6.000000	4.000000	9.000000	57.000000	0.000000	
1	9	0.004894	1	179	1.000000	
0	12	0.000000	0.000000	0.000000	0.000000	0.000000	0.000000	0.000000	0.000000	0.000000	1.000000	2.000000	0.000000	16.000000	0.000000	
0	9	0.000000	0.000000	0.000000	0.000000	0.000000	0.000000	0.000000	7.000000	0.000000	43.000000	34.000000	2.000000	0.000000	0.000000	
1	11	0.092691	1	219	1.000000	
1	12	0.022950	1	263	1.000000	
1	12	0.113614	1	370	1.000000	
0	12	0.000000	0.000000	0.000000	0.000000	0.000000	0.000000	0.000000	0.000000	0.000000	0.000000	3.000000	34.000000	37.000000	0.000000	
0	12	0.000000	0.000000	3.000000	0.000000	0.000000	0.000000	0.000000	0.000000	0.000000	0.000000	0.000000	9.000000	68.000000	0.000000	
1	12	0.018789	1	238	1.000000	
0	10	0.000000	0.000000	0.000000	0.000000	0.000000	0.000000	0.000000	0.000000	0.000000	0.000000	2.000000	0.000000	1.000000	0.000000	
1	12	0.008625	1	262	1.000000	
0	12	0.000000	0.000000	0.000000	0.000000	0.000000	0.000000	0.000000	0.000000	0.000000	0.000000	0.000000	2.000000	9.000000	0.000000	
0	12	0.000000	0.000000	0.000000	0.000000	0.000000	0.000000	0.000000	0.000000	0.000000	0.000000	0.000000	0.000000	126.000000	0.000000	
1	11	0.018918	1	265	1.000000	
1	11	0.004894	1	179	1.000000	
0	11	0.000000	0.000000	33.000000	0.000000	0.000000	0.000000	0.000000	0.000000	0.000000	0.000000	0.000000	63.000000	0.000000	0.000000	
1	11	0.159229	1	179	1.000000	
0	11	0.000000	0.000000	0.000000	0.000000	0.000000	0.000000	0.000000	0.000000	0.000000	0.000000	0.000000	22.000000	6.000000	0.000000	
1	11	0.021144	1	280	1.000000	
0	9	0.000000	0.000000	0.000000	0.000000	0.000000	0.000000	0.000000	0.000000	0.000000	2.000000	0.000000	1.000000	0.000000	0.000000	
1	11	0.057506	1	329	1.000000	
1	11	-0.040102	1	184	1.000000	
0	2	0.000000	0.000000	1.000000	0.000000	0.000000	0.000000	0.000000	0.000000	0.000000	0.000000	0.000000	0.000000	0.000000	0.000000	
0	11	0.000000	0.000000	0.000000	0.000000	0.000000	0.000000	0.000000	0.000000	0.000000	0.000000	0.000000	144.000000	0.000000	0.000000	
0	12	0.000000	0.000000	0.000000	0.000000	0.000000	0.000000	0.000000	0.000000	0.000000	0.000000	0.000000	0.000000	1.000000	0.000000	
0	12	0.000000	0.000000	1.000000	0.000000	0.000000	0.000000	0.000000	0.000000	0.000000	1.000000	1.000000	26.000000	31.000000	0.000000	
1	5	0.125326	1	113	1.000000	
1	3	0.176099	1	213	1.000000	
1	3	0.018789	1	238	1.000000	
1	3	-0.013960	1	215	1.000000	
0	1	0.000000	48.000000	0.000000	17.000000	0.000000	1.000000	0.000000	0.000000	0.000000	0.000000	0.000000	0.000000	0.000000	0.000000	
1	3	0.016280	1	218	1.000000	
1	3	0.008187	1	221	1.000000	
0	1	0.000000	9.000000	0.000000	0.000000	0.000000	0.000000	0.000000	0.000000	0.000000	0.000000	0.000000	0.000000	0.000000	0.000000	
1	3	-0.002180	1	218	1.000000	
1	3	0.002478	1	237	1.000000	
0	3	0.000000	17.000000	0.000000	64.000000	0.000000	0.000000	0.000000	0.000000	0.000000	0.000000	0.000000	0.000000	0.000000	0.000000	
0	3	0.000000	0.000000	0.000000	18.000000	2.000000	0.000000	4.000000	0.000000	0.000000	0.000000	0.000000	0.000000	0.000000	0.000000	
1	3	0.003112	1	151	1.000000	
1	3	0.252128	1	234	1.000000	
1	3	0.063927	1	263	1.000000	
0	1	0.000000	1.000000	0.000000	0.000000	0.000000	0.000000	0.000000	0.000000	0.000000	0.000000	0.000000	0.000000	0.000000	0.000000	
0	3	0.000000	0.000000	0.000000	186.000000	0.000000	0.000000	0.000000	0.000000	0.000000	0.000000	0.000000	0.000000	0.000000	0.000000	
0	1	0.000000	1.000000	0.000000	0.000000	0.000000	0.000000	0.000000	0.000000	0.000000	0.000000	0.000000	0.000000	0.000000	0.000000	
0	3	0.000000	1.000000	0.000000	22.000000	4.000000	0.000000	1.000000	0.000000	0.000000	0.000000	0.000000	0.000000	0.000000	0.000000	
0	3	0.000000	0.000000	0.000000	35.000000	20.000000	0.000000	0.000000	0.000000	0.000000	0.000000	0.000000	0.000000	0.000000	0.000000	
1	4	-0.022063	1	111	1.000000	
0	3	0.000000	0.000000	0.000000	13.000000	2.000000	0.000000	0.000000	0.000000	0.000000	0.000000	0.000000	0.000000	0.000000	0.000000	
1	4	-0.005837	1	197	1.000000	
0	4	0.000000	0.000000	0.000000	3.000000	43.000000	0.000000	13.000000	0.000000	0.000000	0.000000	0.000000	0.000000	0.000000	0.000000	
0	4	0.000000	0.000000	0.000000	0.000000	54.000000	0.000000	0.000000	0.000000	1.000000	0.000000	0.000000	0.000000	0.000000	0.000000	
1	1	0.123968	1	93	1.000000	
1	1	0.000183	1	217	1.000000	
1	1	-0.030784	1	130	1.000000	
0	1	0.000000	5.000000	1.000000	0.000000	0.000000	0.000000	0.000000	0.000000	0.000000	0.000000	0.000000	0.000000	0.000000	0.000000	
0	1	0.000000	175.000000	0.000000	0.000000	0.000000	0.000000	0.000000	0.000000	0.000000	0.000000	0.000000	0.000000	0.000000	0.000000	
1	1	-0.008966	1	155	1.000000	
0	1	0.000000	43.000000	4.000000	0.000000	2.000000	0.000000	0.000000	0.000000	0.000000	0.000000	0.000000	0.000000	0.000000	0.000000	
0	2	0.000000	6.000000	42.000000	0.000000	4.000000	0.000000	0.000000	0.000000	0.000000	0.000000	0.000000	0.000000	0.000000	0.000000	
0	4	0.000000	15.000000	0.000000	4.000000	61.000000	0.000000	0.000000	0.000000	13.000000	0.000000	1.000000	0.000000	0.000000	0.000000	
1	5	0.004463	1	281	1.000000	
1	5	0.111207	1	242	1.000000	
1	7	-0.002262	1	242	1.000000	
1	5	0.014288	1	243	1.000000	
0	7	0.000000	10.000000	0.000000	0.000000	0.000000	11.000000	3.000000	39.000000	0.000000	3.000000	0.000000	0.000000	0.000000	0.000000	
1	5	-0.017548	1	239	1.000000	
0	5	0.000000	0.000000	0.000000	0.000000	0.000000	59.000000	1.000000	2.000000	0.000000	0.000000	0.000000	0.000000	0.000000	0.000000	
0	5	0.000000	4.000000	0.000000	0.000000	0.000000	16.000000	3.000000	7.000000	5.000000	3.000000	0.000000	0.000000	0.000000	0.000000	
1	7	0.017049	1	213	1.000000	
0	3	0.000000	3.000000	0.000000	23.000000	0.000000	0.000000	0.000000	0.000000	0.000000	0.000000	0.000000	0.000000	0.000000	0.000000	
1	7	0.032156	1	264	1.000000	
1	7	0.000679	1	279	1.000000	
0	7	0.000000	0.000000	0.000000	0.000000	0.000000	0.000000	1.000000	71.000000	5.000000	8.000000	0.000000	0.000000	0.000000	0.000000	
0	9	0.000000	0.000000	0.000000	0.000000	0.000000	0.000000	4.000000	24.000000	6.000000	28.000000	0.000000	5.000000	0.000000	0.000000	
1	7	0.021144	1	280	1.000000	
0	7	0.000000	0.000000	0.000000	0.000000	1.000000	0.000000	0.000000	90.000000	7.000000	0.000000	1.000000	0.000000	0.000000	0.000000	
0	8	0.000000	0.000000	0.000000	0.000000	0.000000	0.000000	0.000000	8.000000	15.000000	0.000000	0.000000	0.000000	0.000000	0.000000	
1	5	0.101511	1	132	1.000000	
0	3	0.000000	10.000000	0.000000	45.000000	0.000000	19.000000	9.000000	0.000000	0.000000	0.000000	0.000000	0.000000	0.000000	0.000000	
1	5	-0.016553	1	255	1.000000	
1	5	-0.026819	1	317	1.000000	
0	5	0.000000	0.000000	0.000000	0.000000	0.000000	28.000000	0.000000	5.000000	0.000000	0.000000	0.000000	0.000000	0.000000	0.000000	
1	5	0.000679	1	279	1.000000	
0	5	0.000000	0.000000	0.000000	0.000000	0.000000	112.000000	0.000000	0.000000	0.000000	0.000000	0.000000	0.000000	0.000000	0.000000	
0	5	0.000000	0.000000	0.000000	0.000000	0.000000	8.000000	2.000000	0.000000	0.000000	0.000000	0.000000	0.000000	0.000000	0.000000	
1	5	0.000150	1	303	1.000000	
1	5	0.232756	1	232	1.000000	
0	3	0.000000	0.000000	0.000000	11.000000	0.000000	4.000000	1.000000	0.000000	0.000000	0.000000	0.000000	0.000000	0.000000	0.000000	
1	5	0.154428	1	359	1.000000	
0	7	0.000000	0.000000	0.000000	0.000000	0.000000	10.000000	1.000000	25.000000	0.000000	2.000000	0.000000	0.000000	0.000000	0.000000	
0	5	0.000000	0.000000	0.000000	0.000000	0.000000	58.000000	8.000000	6.000000	0.000000	0.000000	0.000000	0.000000	0.000000	0.000000	
1	6	0.293026	1	303	1.000000	
1	6	0.001563	1	279	1.000000	
0	6	0.000000	0.000000	0.000000	0.000000	0.000000	27.000000	36.000000	6.000000	0.000000	0.000000	0.000000	0.000000	0.000000	0.000000	
0	6	0.000000	0.000000	0.000000	2.000000	0.000000	4.000000	49.000000	1.000000	2.000000	0.000000	0.000000	0.000000	0.000000	0.000000	
0	5	0.000000	0.000000	0.000000	0.000000	0.000000	63.000000	15.000000	5.000000	1.000000	0.000000	0.000000	0.000000	0.000000	0.000000	
1	8	0.249456	1	221	1.000000	
1	8	0.031407	1	194	1.000000	
1	8	0.143477	1	285	1.000000	
0	4	0.000000	0.000000	0.000000	0.000000	65.000000	0.000000	0.000000	0.000000	19.000000	0.000000	0.000000	0.000000	0.000000	0.000000	
1	8	0.033513	1	134	1.000000	
0	8	0.000000	1.000000	0.000000	2.000000	26.000000	0.000000	1.000000	0.000000	34.000000	0.000000	3.000000	0.000000	0.000000	0.000000	
1	8	0.022488	1	238	1.000000	
0	8	0.000000	0.000000	0.000000	0.000000	0.000000	0.000000	0.000000	15.000000	65.000000	0.000000	1.000000	0.000000	0.000000	0.000000	
0	8	0.000000	0.000000	0.000000	0.000000	4.000000	0.000000	0.000000	0.000000	31.000000	0.000000	2.000000	0.000000	0.000000	0.000000	
1	10	0.008187	1	221	1.000000	
1	10	-0.011759	1	220	1.000000	
0	7	0.000000	0.000000	0.000000	0.000000	0.000000	0.000000	0.000000	14.000000	7.000000	1.000000	0.000000	0.000000	0.000000	0.000000	
1	10	0.169037	1	258	1.000000	
1	10	0.015060	1	215	1.000000	
0	8	0.000000	0.000000	0.000000	0.000000	3.000000	0.000000	0.000000	1.000000	5.000000	1.000000	0.000000	0.000000	0.000000	0.000000	
1	10	0.019773	1	307	1.000000	
0	8	0.000000	0.000000	0.000000	0.000000	0.000000	0.000000	0.000000	0.000000	1.000000	1.000000	0.000000	0.000000	1.000000	0.000000	
1	10	0.014248	1	153	1.000000	
0	8	0.000000	0.000000	0.000000	0.000000	0.000000	0.000000	0.000000	0.000000	2.000000	0.000000	0.000000	0.000000	0.000000	0.000000	
1	10	0.003686	1	258	1.000000	
0	10	0.000000	0.000000	0.000000	0.000000	0.000000	0.000000	0.000000	0.000000	2.000000	0.000000	5.000000	0.000000	0.000000	0.000000	
1	10	0.229500	1	266	1.000000	
0	9	0.000000	0.000000	0.000000	0.000000	0.000000	0.000000	0.000000	0.000000	0.000000	1.000000	0.000000	0.000000	0.000000	0.000000	
0	10	0.000000	0.000000	0.000000	0.000000	0.000000	0.000000	0.000000	0.000000	0.000000	0.000000	121.000000	0.000000	0.000000	0.000000	
0	2	0.000000	2.000000	6.000000	0.000000	0.000000	0.000000	0.000000	2.000000	3.000000	0.000000	0.000000	0.000000	0.000000	0.000000	
1	8	-0.000750	1	285	1.000000	
0	9	0.000000	0.000000	0.000000	0.000000	0.000000	0.000000	0.000000	0.000000	2.000000	10.000000	0.000000	2.000000	1.000000	0.000000	
1	8	0.083022	1	264	1.000000	
0	8	0.000000	0.000000	0.000000	0.000000	6.000000	0.000000	0.000000	7.000000	41.000000	1.000000	35.000000	0.000000	1.000000	0.000000	
0	8	0.000000	0.000000	0.000000	0.000000	0.000000	0.000000	0.000000	3.000000	65.000000	0.000000	3.000000	0.000000	0.000000	0.000000	
1	6	0.249108	1	262	1.000000	
1	4	0.146004	1	176	1.000000	
1	4	-0.009510	1	237	1.000000	
0	6	0.000000	0.000000	0.000000	2.000000	6.000000	3.000000	36.000000	0.000000	1.000000	0.000000	0.000000	0.000000	0.000000	0.000000	
1	4	0.016485	1	277	1.000000	
1	4	0.232756	1	232	1.000000	
0	3	0.000000	0.000000	0.000000	23.000000	7.000000	0.000000	0.000000	0.000000	0.000000	0.000000	0.000000	0.000000	0.000000	0.000000	
1	4	0.231628	1	170	1.000000	
0	3	0.000000	0.000000	0.000000	5.000000	0.000000	0.000000	0.000000	0.000000	0.000000	0.000000	0.000000	0.000000	0.000000	0.000000	
1	4	0.002169	1	198	1.000000	
0	4	0.000000	0.000000	0.000000	1.000000	57.000000	0.000000	12.000000	0.000000	9.000000	0.000000	0.000000	0.000000	0.000000	0.000000	
0	4	0.000000	0.000000	0.000000	1.000000	72.000000	0.000000	0.000000	0.000000	0.000000	0.000000	0.000000	0.000000	0.000000	0.000000	
0	8	0.000000	0.000000	0.000000	0.000000	1.000000	0.000000	1.000000	0.000000	22.000000	0.000000	0.000000	0.000000	0.000000	0.000000	
1	6	-0.005440	1	258	1.000000	
0	6	0.000000	0.000000	0.000000	0.000000	0.000000	19.000000	37.000000	7.000000	2.000000	2.000000	0.000000	0.000000	0.000000	0.000000	
1	8	0.019773	1	307	1.000000	
0	9	0.000000	0.000000	0.000000	0.000000	0.000000	0.000000	0.000000	0.000000	0.000000	20.000000	1.000000	7.000000	0.000000	0.000000	
0	8	0.000000	0.000000	0.000000	0.000000	1.000000	2.000000	3.000000	19.000000	36.000000	2.000000	11.000000	0.000000	0.000000	0.000000	
1	6	0.005169	1	216	1.000000	
1	6	0.001563	1	279	1.000000	
0	5	0.000000	1.000000	0.000000	0.000000	0.000000	34.000000	10.000000	0.000000	0.000000	0.000000	0.000000	0.000000	0.000000	0.000000	
1	6	0.027660	1	211	1.000000	
0	5	0.000000	0.000000	0.000000	0.000000	0.000000	14.000000	10.000000	0.000000	0.000000	0.000000	0.000000	0.000000	0.000000	0.000000	
1	6	-0.015897	1	261	1.000000	
0	5	0.000000	0.000000	0.000000	0.000000	0.000000	3.000000	0.000000	0.000000	0.000000	0.000000	0.000000	0.000000	0.000000	0.000000	
1	6	-0.011064	1	155	1.000000	
0	6	0.000000	0.000000	0.000000	2.000000	0.000000	0.000000	5.000000	0.000000	0.000000	0.000000	0.000000	0.000000	0.000000	0.000000	
1	6	0.055918	1	279	1.000000	
1	6	-0.012296	1	280	1.000000	
0	5	0.000000	0.000000	0.000000	0.000000	0.000000	1.000000	0.000000	0.000000	0.000000	0.000000	0.000000	0.000000	0.000000	0.000000	
1	6	0.003686	1	258	1.000000	
0	6	0.000000	0.000000	0.000000	0.000000	0.000000	4.000000	43.000000	0.000000	0.000000	0.000000	0.000000	0.000000	0.000000	0.000000	
0	6	0.000000	0.000000	0.000000	0.000000	0.000000	0.000000	65.000000	0.000000	0.000000	0.000000	0.000000	0.000000	0.000000	0.000000	
0	6	0.000000	0.000000	0.000000	0.000000	0.000000	0.000000	1.000000	0.000000	1.000000	0.000000	0.000000	0.000000	0.000000	0.000000	
1	6	0.037004	1	171	1.000000	
0	6	0.000000	0.000000	0.000000	2.000000	8.000000	1.000000	88.000000	0.000000	0.000000	0.000000	0.000000	0.000000	0.000000	0.000000	
0	8	0.000000	0.000000	0.000000	0.000000	2.000000	1.000000	25.000000	0.000000	26.000000	0.000000	0.000000	0.000000	0.000000	0.000000	

1	10	0.224983	1	244	1.000000	
1	12	0.095786	1	115	1.000000	
1	13	0.228461	1	251	1.000000	
0	13	0.000000	0.000000	0.000000	0.000000	0.000000	0.000000	0.000000	0.000000	0.000000	0.000000	0.000000	0.000000	0.000000	456.000000	
1	2	0.079647	1	236	1.000000	
0	1	0.000000	57.000000	1.000000	0.000000	3.000000	0.000000	0.000000	0.000000	4.000000	0.000000	5.000000	0.000000	0.000000	0.000000	
1	2	0.081870	1	266	1.000000	
1	2	0.019706	1	243	1.000000	
1	2	0.018037	1	203	1.000000	
1	2	0.006207	1	152	1.000000	
0	1	0.000000	1.000000	0.000000	0.000000	0.000000	0.000000	0.000000	0.000000	0.000000	0.000000	0.000000	0.000000	0.000000	0.000000	
0	2	0.000000	0.000000	143.000000	0.000000	0.000000	0.000000	0.000000	0.000000	0.000000	0.000000	0.000000	0.000000	0.000000	0.000000	
0	2	0.000000	0.000000	21.000000	0.000000	0.000000	0.000000	0.000000	0.000000	0.000000	0.000000	1.000000	0.000000	4.000000	0.000000	
0	10	0.000000	0.000000	0.000000	0.000000	0.000000	0.000000	0.000000	0.000000	0.000000	0.000000	4.000000	0.000000	1.000000	0.000000	
0	2	0.000000	21.000000	71.000000	0.000000	0.000000	0.000000	0.000000	0.000000	0.000000	0.000000	0.000000	0.000000	0.000000	0.000000	
1	12	0.008530	1	238	1.000000	
1	9	0.006003	1	279	1.000000	
1	7	0.256185	1	224	1.000000	
0	9	0.000000	5.000000	24.000000	0.000000	0.000000	0.000000	0.000000	2.000000	0.000000	33.000000	3.000000	0.000000	4.000000	0.000000	
1	7	-0.008338	1	258	1.000000	
0	7	0.000000	6.000000	0.000000	0.000000	0.000000	2.000000	0.000000	74.000000	0.000000	13.000000	0.000000	0.000000	0.000000	0.000000	
0	9	0.000000	1.000000	0.000000	0.000000	0.000000	0.000000	0.000000	23.000000	16.000000	36.000000	13.000000	0.000000	1.000000	0.000000	
1	9	0.013801	1	266	1.000000	
1	9	0.037282	1	157	1.000000	
0	2	0.000000	0.000000	25.000000	0.000000	0.000000	0.000000	0.000000	0.000000	0.000000	14.000000	8.000000	0.000000	4.000000	0.000000	
1	9	0.007201	1	284	1.000000	
1	9	0.299797	1	196	1.000000	
0	2	0.000000	0.000000	1.000000	0.000000	0.000000	0.000000	0.000000	0.000000	0.000000	0.000000	0.000000	0.000000	0.000000	0.000000	
1	9	0.004604	1	238	1.000000	
0	9	0.000000	0.000000	0.000000	0.000000	0.000000	0.000000	0.000000	0.000000	0.000000	107.000000	0.000000	0.000000	0.000000	0.000000	
0	9	0.000000	0.000000	0.000000	0.000000	0.000000	0.000000	0.000000	0.000000	0.000000	3.000000	0.000000	1.000000	0.000000	0.000000	
0	9	0.000000	0.000000	1.000000	0.000000	0.000000	0.000000	0.000000	0.000000	0.000000	55.000000	19.000000	0.000000	2.000000	0.000000	
1	10	0.019023	1	283	1.000000	
1	9	0.155867	1	176	1.000000	
0	10	0.000000	0.000000	2.000000	0.000000	7.000000	0.000000	0.000000	0.000000	0.000000	2.000000	23.000000	0.000000	1.000000	0.000000	
0	9	0.000000	0.000000	0.000000	0.000000	0.000000	0.000000	0.000000	2.000000	0.000000	65.000000	20.000000	1.000000	0.000000	0.000000	
1	10	0.019002	1	257	1.000000	
0	4	0.000000	0.000000	0.000000	0.000000	4.000000	0.000000	0.000000	2.000000	3.000000	0.000000	2.000000	0.000000	0.000000	0.000000	
1	10	0.037697	1	267	1.000000	
0	10	0.000000	0.000000	1.000000	0.000000	0.000000	0.000000	0.000000	0.000000	0.000000	4.000000	9.000000	0.000000	0.000000	0.000000	
0	10	0.000000	0.000000	0.000000	0.000000	0.000000	0.000000	0.000000	0.000000	1.000000	2.000000	92.000000	0.000000	0.000000	0.000000	
1	12	0.081347	1	217	1.000000	
1	10	0.059620	1	215	1.000000	
0	4	0.000000	0.000000	0.000000	0.000000	18.000000	0.000000	0.000000	0.000000	12.000000	1.000000	3.000000	0.000000	0.000000	0.000000	
1	10	0.005888	1	237	1.000000	
0	8	0.000000	0.000000	0.000000	0.000000	1.000000	0.000000	0.000000	0.000000	11.000000	4.000000	4.000000	0.000000	0.000000	0.000000	
1	10	0.299797	1	196	1.000000	
1	10	0.017004	1	282	1.000000	
0	10	0.000000	0.000000	0.000000	0.000000	0.000000	0.000000	0.000000	0.000000	0.000000	7.000000	10.000000	0.000000	0.000000	0.000000	
0	10	0.000000	0.000000	0.000000	0.000000	0.000000	0.000000	0.000000	0.000000	0.000000	1.000000	85.000000	0.000000	0.000000	0.000000	
0	12	0.000000	0.000000	0.000000	0.000000	0.000000	0.000000	0.000000	0.000000	0.000000	1.000000	6.000000	0.000000	8.000000	0.000000	
1	12	0.053277	1	219	1.000000	
1	12	-0.000169	1	184	1.000000	
0	2	0.000000	0.000000	38.000000	0.000000	0.000000	0.000000	0.000000	0.000000	0.000000	3.000000	0.000000	16.000000	4.000000	0.000000	
1	12	0.007627	1	261	1.000000	
1	12	0.162872	1	179	1.000000	
0	12	0.000000	0.000000	9.000000	0.000000	0.000000	0.000000	0.000000	0.000000	0.000000	2.000000	2.000000	11.000000	46.000000	0.000000	
1	11	0.005293	1	259	1.000000	
0	7	0.000000	0.000000	0.000000	0.000000	0.000000	0.000000	0.000000	4.000000	0.000000	4.000000	3.000000	3.000000	0.000000	0.000000	
0	11	0.000000	0.000000	0.000000	0.000000	0.000000	0.000000	0.000000	1.000000	0.000000	3.000000	0.000000	57.000000	29.000000	0.000000	
1	12	0.010596	1	260	1.000000	
0	12	0.000000	0.000000	0.000000	0.000000	0.000000	0.000000	0.000000	0.000000	0.000000	7.000000	14.000000	6.000000	22.000000	0.000000	
1	12	0.021969	1	237	1.000000	
0	10	0.000000	0.000000	0.000000	0.000000	1.000000	0.000000	0.000000	0.000000	0.000000	0.000000	4.000000	0.000000	3.000000	0.000000	
1	12	0.025040	1	263	1.000000	
1	12	0.051405	1	368	1.000000	
0	12	0.000000	0.000000	0.000000	0.000000	0.000000	0.000000	0.000000	0.000000	0.000000	0.000000	2.000000	2.000000	69.000000	0.000000	
0	12	0.000000	0.000000	0.000000	0.000000	0.000000	0.000000	0.000000	0.000000	0.000000	0.000000	0.000000	21.000000	68.000000	0.000000	
1	12	0.054839	1	221	1.000000	
1	12	0.002022	1	262	1.000000	
0	12	0.000000	0.000000	0.000000	0.000000	0.000000	0.000000	0.000000	0.000000	0.000000	0.000000	0.000000	1.000000	4.000000	0.000000	
0	12	0.000000	0.000000	0.000000	0.000000	0.000000	0.000000	0.000000	0.000000	0.000000	0.000000	0.000000	0.000000	170.000000	0.000000	
0	10	0.000000	0.000000	0.000000	0.000000	0.000000	0.000000	0.000000	0.000000	0.000000	0.000000	1.000000	0.000000	1.000000	0.000000	
1	11	0.010596	1	260	1.000000	
1	9	0.258845	1	353	1.000000	
0	9	0.000000	0.000000	0.000000	0.000000	0.000000	0.000000	0.000000	14.000000	0.000000	50.000000	11.000000	0.000000	0.000000	0.000000	
0	11	0.000000	0.000000	13.000000	0.000000	0.000000	0.000000	0.000000	9.000000	0.000000	7.000000	1.000000	57.000000	3.000000	0.000000	
1	11	0.229642	1	144	1.000000	
0	2	0.000000	0.000000	37.000000	0.000000	0.000000	0.000000	0.000000	0.000000	0.000000	0.000000	0.000000	1.000000	0.000000	0.000000	
1	11	0.005585	1	263	1.000000	
1	11	0.182409	1	333	1.000000	
0	11	0.000000	0.000000	0.000000	0.000000	0.000000	0.000000	0.000000	0.000000	0.000000	0.000000	0.000000	98.000000	0.000000	0.000000	
1	11	0.109555	1	180	1.000000	
0	11	0.000000	0.000000	20.000000	0.000000	0.000000	0.000000	0.000000	0.000000	0.000000	0.000000	0.000000	41.000000	2.000000	0.000000	
0	11	0.000000	0.000000	0.000000	0.000000	0.000000	0.000000	0.000000	0.000000	0.000000	1.000000	0.000000	63.000000	0.000000	0.000000	
1	11	0.022303	1	262	1.000000	
1	11	-0.000979	1	158	1.000000	
0	2	0.000000	0.000000	3.000000	0.000000	0.000000	0.000000	0.000000	0.000000	0.000000	0.000000	0.000000	1.000000	0.000000	0.000000	
0	11	0.000000	0.000000	0.000000	0.000000	0.000000	0.000000	0.000000	0.000000	0.000000	0.000000	0.000000	75.000000	22.000000	0.000000	
0	12	0.000000	0.000000	1.000000	0.000000	0.000000	0.000000	0.000000	0.000000	0.000000	0.000000	2.000000	4.000000	20.000000	0.000000	
1	5	0.041461	1	134	1.000000	
1	3	0.037877	1	213	1.000000	
1	3	-0.002434	1	257	1.000000	
1	3	0.063885	1	361	1.000000	
0	5	0.000000	0.000000	0.000000	6.000000	0.000000	23.000000	1.000000	0.000000	0.000000	0.000000	0.000000	0.000000	0.000000	0.000000	
1	3	-0.011169	1	257	1.000000	
0	1	0.000000	62.000000	0.000000	26.000000	0.000000	0.000000	0.000000	0.000000	0.000000	0.000000	0.000000	0.000000	0.000000	0.000000	
1	3	0.065144	1	277	1.000000	
1	3	-0.021103	1	132	1.000000	
0	3	0.000000	7.000000	0.000000	35.000000	0.000000	1.000000	0.000000	0.000000	0.000000	0.000000	0.000000	0.000000	0.000000	0.000000	
0	3	0.000000	0.000000	0.000000	77.000000	1.000000	0.000000	0.000000	0.000000	0.000000	0.000000	0.000000	0.000000	0.000000	0.000000	
0	1	0.000000	9.000000	0.000000	2.000000	0.000000	0.000000	0.000000	0.000000	0.000000	0.000000	0.000000	0.000000	0.000000	0.000000	
1	3	0.012116	1	191	1.000000	
1	3	0.170193	1	273	1.000000	
0	6	0.000000	0.000000	0.000000	0.000000	3.000000	0.000000	16.000000	0.000000	0.000000	0.000000	0.000000	0.000000	0.000000	0.000000	
1	3	-0.005819	1	150	1.000000	
1	3	-0.005205	1	220	1.000000	
0	1	0.000000	1.000000	0.000000	0.000000	0.000000	0.000000	0.000000	0.000000	0.000000	0.000000	0.000000	0.000000	0.000000	0.000000	
0	3	0.000000	0.000000	0.000000	115.000000	0.000000	0.000000	0.000000	0.000000	0.000000	0.000000	0.000000	0.000000	0.000000	0.000000	
0	3	0.000000	0.000000	0.000000	66.000000	13.000000	0.000000	1.000000	0.000000	0.000000	0.000000	0.000000	0.000000	0.000000	0.000000	
1	4	0.004604	1	238	1.000000	
0	6	0.000000	8.000000	0.000000	12.000000	9.000000	0.000000	35.000000	0.000000	0.000000	0.000000	0.000000	0.000000	0.000000	0.000000	
1	4	0.005983	1	193	1.000000	
1	3	0.061713	1	299	1.000000	
1	4	0.018548	1	260	1.000000	
0	3	0.000000	0.000000	0.000000	46.000000	30.000000	0.000000	0.000000	0.000000	0.000000	0.000000	0.000000	0.000000	0.000000	0.000000	
0	4	0.000000	0.000000	0.000000	1.000000	41.000000	0.000000	0.000000	0.000000	0.000000	0.000000	0.000000	0.000000	0.000000	0.000000	
0	3	0.000000	0.000000	0.000000	32.000000	0.000000	0.000000	1.000000	0.000000	0.000000	0.000000	0.000000	0.000000	0.000000	0.000000	
1	4	0.222555	1	221	1.000000	
0	8	0.000000	0.000000	0.000000	0.000000	5.000000	0.000000	0.000000	0.000000	12.000000	0.000000	0.000000	0.000000	0.000000	0.000000	
1	4	0.025518	1	214	1.000000	
1	4	0.004981	1	218	1.000000	
0	4	0.000000	0.000000	0.000000	0.000000	19.000000	0.000000	6.000000	0.000000	0.000000	0.000000	0.000000	0.000000	0.000000	0.000000	
0	4	0.000000	0.000000	0.000000	6.000000	80.000000	0.000000	0.000000	0.000000	0.000000	0.000000	0.000000	0.000000	0.000000	0.000000	
0	6	0.000000	0.000000	0.000000	0.000000	0.000000	0.000000	5.000000	0.000000	1.000000	0.000000	0.000000	0.000000	0.000000	0.000000	
1	1	0.203040	1	93	1.000000	
1	1	0.006562	1	196	1.000000	
1	1	0.001839	1	115	1.000000	
1	1	0.140839	1	276	1.000000	
0	1	0.000000	7.000000	0.000000	3.000000	0.000000	0.000000	0.000000	0.000000	0.000000	0.000000	0.000000	0.000000	0.000000	0.000000	
0	1	0.000000	175.000000	0.000000	0.000000	0.000000	0.000000	0.000000	0.000000	0.000000	0.000000	0.000000	0.000000	0.000000	0.000000	
0	1	0.000000	48.000000	6.000000	0.000000	0.000000	0.000000	0.000000	0.000000	0.000000	0.000000	0.000000	0.000000	0.000000	0.000000	
0	2	0.000000	12.000000	30.000000	0.000000	5.000000	0.000000	0.000000	0.000000	1.000000	0.000000	0.000000	0.000000	0.000000	0.000000	
1	4	0.022706	1	194	1.000000	
1	4	0.007627	1	261	1.000000	
0	1	0.000000	10.000000	0.000000	1.000000	0.000000	1.000000	0.000000	1.000000	3.000000	0.000000	0.000000	0.000000	0.000000	0.000000	
1	4	0.016189	1	218	1.000000	
0	4	0.000000	0.000000	0.000000	0.000000	27.000000	0.000000	1.000000	0.000000	20.000000	0.000000	0.000000	0.000000	0.000000	0.000000	
1	4	0.005585	1	263	1.000000	
0	8	0.000000	0.000000	0.000000	0.000000	0.000000	0.000000	0.000000	0.000000	2.000000	0.000000	0.000000	0.000000	0.000000	0.000000	
1	4	0.091866	1	173	1.000000	
1	4	0.243783	1	274	1.000000	
0	4	0.000000	0.000000	0.000000	0.000000	1.000000	0.000000	0.000000	0.000000	1.000000	0.000000	0.000000	0.000000	0.000000	0.000000	
0	4	0.000000	0.000000	0.000000	0.000000	117.000000	0.000000	0.000000	0.000000	0.000000	0.000000	0.000000	0.000000	0.000000	0.000000	
0	4	0.000000	0.000000	0.000000	0.000000	3.000000	0.000000	0.000000	0.000000	2.000000	0.000000	0.000000	0.000000	0.000000	0.000000	
0	8	0.000000	4.000000	0.000000	0.000000	5.000000	0.000000	2.000000	0.000000	31.000000	0.000000	19.000000	0.000000	0.000000	0.000000	
1	5	0.214213	1	242	1.000000	
1	7	0.007692	1	282	1.000000	
1	7	-0.006247	1	242	1.000000	
1	5	0.239693	1	201	1.000000	
0	7	0.000000	4.000000	0.000000	0.000000	0.000000	4.000000	0.000000	30.000000	3.000000	0.000000	0.000000	0.000000	0.000000	0.000000	
1	5	0.193449	1	243	1.000000	
0	7	0.000000	0.000000	0.000000	0.000000	0.000000	13.000000	1.000000	16.000000	1.000000	7.000000	0.000000	0.000000	0.000000	0.000000	
0	5	0.000000	0.000000	0.000000	0.000000	0.000000	65.000000	2.000000	2.000000	0.000000	2.000000	0.000000	0.000000	0.000000	0.000000	
1	7	-0.001935	1	236	1.000000	
1	7	0.126602	1	155	1.000000	
0	4	0.000000	1.000000	0.000000	1.000000	3.000000	0.000000	0.000000	0.000000	0.000000	0.000000	0.000000	0.000000	0.000000	0.000000	
1	7	0.010491	1	280	1.000000	
1	7	0.002648	1	242	1.000000	
0	7	0.000000	0.000000	0.000000	0.000000	0.000000	0.000000	2.000000	10.000000	1.000000	0.000000	0.000000	0.000000	0.000000	0.000000	
0	7	0.000000	0.000000	0.000000	0.000000	0.000000	1.000000	0.000000	95.000000	0.000000	0.000000	0.000000	0.000000	0.000000	0.000000	
0	7	0.000000	0.000000	0.000000	0.000000	0.000000	0.000000	0.000000	19.000000	7.000000	0.000000	0.000000	0.000000	0.000000	0.000000	
1	7	-0.003250	1	305	1.000000	
0	9	0.000000	0.000000	0.000000	0.000000	0.000000	1.000000	0.000000	17.000000	0.000000	44.000000	1.000000	7.000000	1.000000	0.000000	
1	7	0.199933	1	213	1.000000	
0	4	0.000000	0.000000	0.000000	3.000000	5.000000	0.000000	0.000000	1.000000	0.000000	0.000000	0.000000	0.000000	0.000000	0.000000	
1	7	0.286227	1	264	1.000000	
0	7	0.000000	0.000000	0.000000	0.000000	0.000000	0.000000	0.000000	23.000000	11.000000	15.000000	8.000000	0.000000	0.000000	0.000000	
0	7	0.000000	0.000000	0.000000	0.000000	0.000000	0.000000	0.000000	32.000000	19.000000	0.000000	1.000000	0.000000	0.000000	0.000000	
1	8	0.034714	1	194	1.000000	
1	8	0.037620	1	305	1.000000	
0	4	0.000000	0.000000	0.000000	1.000000	63.000000	0.000000	0.000000	2.000000	22.000000	0.000000	0.000000	0.000000	0.000000	0.000000	
0	8	0.000000	0.000000	0.000000	0.000000	0.000000	0.000000	0.000000	19.000000	57.000000	0.000000	1.000000	0.000000	0.000000	0.000000	
1	10	0.016175	1	239	1.000000	
1	8	-0.008338	1	258	1.000000	
0	6	0.000000	0.000000	0.000000	0.000000	0.000000	2.000000	12.000000	12.000000	5.000000	0.000000	0.000000	0.000000	0.000000	0.000000	
1	8	0.008444	1	285	1.000000	
0	7	0.000000	0.000000	0.000000	0.000000	0.000000	0.000000	0.000000	13.000000	10.000000	7.000000	6.000000	4.000000	0.000000	0.000000	
1	8	0.143696	1	368	1.000000	
0	8	0.000000	0.000000	0.000000	0.000000	3.000000	1.000000	1.000000	2.000000	73.000000	2.000000	13.000000	0.000000	0.000000	0.000000	
0	10	0.000000	0.000000	0.000000	0.000000	0.000000	0.000000	0.000000	3.000000	16.000000	0.000000	24.000000	0.000000	0.000000	0.000000	
1	10	0.066357	1	243	1.000000	
0	10	0.000000	1.000000	0.000000	0.000000	0.000000	0.000000	0.000000	1.000000	3.000000	1.000000	67.000000	0.000000	5.000000	0.000000	
0	8	0.000000	0.000000	0.000000	0.000000	0.000000	0.000000	0.000000	0.000000	15.000000	0.000000	14.000000	0.000000	0.000000	0.000000	
1	6	0.011319	1	279	1.000000	
1	5	-0.002270	1	302	1.000000	
1	5	-0.007697	1	211	1.000000	
0	3	0.000000	6.000000	0.000000	17.000000	0.000000	1.000000	0.000000	0.000000	0.000000	0.000000	0.000000	0.000000	0.000000	0.000000	
1	5	-0.017763	1	234	1.000000	
1	5	0.015030	1	260	1.000000	
1	5	0.280650	1	335	1.000000	
0	5	0.000000	0.000000	0.000000	0.000000	0.000000	4.000000	0.000000	1.000000	0.000000	0.000000	0.000000	0.000000	0.000000	0.000000	
0	5	0.000000	0.000000	0.000000	0.000000	0.000000	116.000000	0.000000	0.000000	0.000000	0.000000	0.000000	0.000000	0.000000	0.000000	
0	6	0.000000	0.000000	0.000000	0.000000	0.000000	1.000000	2.000000	0.000000	0.000000	0.000000	0.000000	0.000000	0.000000	0.000000	
1	5	0.294589	1	359	1.000000	
0	5	0.000000	0.000000	0.000000	0.000000	0.000000	41.000000	10.000000	32.000000	0.000000	1.000000	0.000000	0.000000	0.000000	0.000000	
0	5	0.000000	0.000000	0.000000	5.000000	0.000000	77.000000	7.000000	2.000000	0.000000	0.000000	0.000000	0.000000	0.000000	0.000000	
1	6	0.199472	1	154	1.000000	
0	6	0.000000	5.000000	0.000000	22.000000	9.000000	10.000000	28.000000	0.000000	0.000000	0.000000	0.000000	0.000000	0.000000	0.000000	
1	6	0.010596	1	260	1.000000	
1	5	0.182706	1	303	1.000000	
1	6	-0.013390	1	281	1.000000	
0	5	0.000000	0.000000	0.000000	0.000000	0.000000	31.000000	13.000000	5.000000	0.000000	1.000000	0.000000	0.000000	0.000000	0.000000	
0	6	0.000000	0.000000	0.000000	0.000000	0.000000	9.000000	65.000000	8.000000	6.000000	0.000000	0.000000	0.000000	0.000000	0.000000	
0	5	0.000000	0.000000	0.000000	0.000000	0.000000	59.000000	7.000000	0.000000	0.000000	0.000000	0.000000	0.000000	0.000000	0.000000	
0	6	0.000000	0.000000	0.000000	0.000000	2.000000	1.000000	39.000000	0.000000	0.000000	0.000000	0.000000	0.000000	0.000000	0.000000	
1	6	-0.007395	1	218	1.000000	
1	6	0.011332	1	262	1.000000	
0	6	0.000000	0.000000	0.000000	0.000000	3.000000	8.000000	24.000000	14.000000	13.000000	0.000000	0.000000	0.000000	0.000000	0.000000	
1	6	0.166523	1	316	1.000000	
0	6	0.000000	0.000000	0.000000	0.000000	0.000000	16.000000	57.000000	1.000000	0.000000	0.000000	0.000000	0.000000	0.000000	0.000000	
0	6	0.000000	0.000000	0.000000	1.000000	4.000000	0.000000	88.000000	0.000000	0.000000	0.000000	0.000000	0.000000	0.000000	0.000000	
1	8	0.033090	1	192	1.000000	
0	6	0.000000	0.000000	0.000000	0.000000	2.000000	6.000000	35.000000	1.000000	3.000000	0.000000	0.000000	0.000000	0.000000	0.000000	
1	8	0.021865	1	343	1.000000	
0	8	0.000000	0.000000	0.000000	0.000000	7.000000	0.000000	10.000000	1.000000	12.000000	0.000000	1.000000	0.000000	0.000000	0.000000	
0	8	0.000000	0.000000	2.000000	0.000000	0.000000	0.000000	0.000000	3.000000	78.000000	0.000000	4.000000	0.000000	0.000000	0.000000	

