132, 90, 116, 101
26
Carpal0	3	0.000000
Carpal0	4	0.000000
Carpal0	5	760.500000
Carpal0	0	-0.350000
Carpal0	1	0.350000
Carpal0	2	-0.600000
ThumbTM	1	0.250000
ThumbTM	2	0.500000
ThumbMCP	2	0.500000
ThumbIP	2	1.000000
IndexMCP	1	0.800000
IndexMCP	2	0.000000
IndexPIP	1	1.000000
IndexDIP	1	0.600000
MiddleMCP	1	0.800000
MiddleMCP	2	0.000000
MiddlePIP	1	1.000000
MiddleDIP	1	0.500000
RingMCP	1	0.800000
RingMCP	2	0.000000
RingPIP	1	1.000000
RingDIP	1	0.500000
PinkyMCP	1	0.800000
PinkyMCP	2	0.000000
PinkyPIP	1	1.000000
PinkyDIP	1	0.500000
183, 139, 0.024770, -0.020537, 0.633341
204, 145, 0.043336, -0.025373, 0.590093
230, 153, 0.067587, -0.031811, 0.576850
215, 149, 0.052026, -0.027328, 0.561001
199, 142, 0.036625, -0.021091, 0.561599
177, 125, 0.016293, -0.004796, 0.569007
