136, 70, 119, 123
26
Carpal0	3	0.000000
Carpal0	4	0.000000
Carpal0	5	760.500000
Carpal0	0	-0.350000
Carpal0	1	-0.350000
Carpal0	2	-0.600000
ThumbTM	1	0.250000
ThumbTM	2	0.500000
ThumbMCP	2	0.500000
ThumbIP	2	1.000000
IndexMCP	1	0.600000
IndexMCP	2	0.000000
IndexPIP	1	1.000000
IndexDIP	1	0.600000
MiddleMCP	1	0.600000
MiddleMCP	2	0.000000
MiddlePIP	1	1.000000
MiddleDIP	1	0.500000
RingMCP	1	0.600000
RingMCP	2	0.000000
RingPIP	1	1.000000
RingDIP	1	0.500000
PinkyMCP	1	0.600000
PinkyMCP	2	0.000000
PinkyPIP	1	1.000000
PinkyDIP	1	0.500000
182, 137, 0.025172, -0.019862, 0.664507
214, 121, 0.057351, -0.001840, 0.634872
247, 115, 0.092562, 0.004598, 0.634415
239, 98, 0.082342, 0.022135, 0.619633
222, 91, 0.064768, 0.029129, 0.616961
197, 83, 0.038691, 0.038203, 0.624164
