76, 66, 112, 125
26
Carpal0	3	0.000000
Carpal0	4	0.000000
Carpal0	5	760.500000
Carpal0	0	-0.350000
Carpal0	1	0.000000
Carpal0	2	0.600000
ThumbTM	1	0.250000
ThumbTM	2	0.500000
ThumbMCP	2	0.500000
ThumbIP	2	1.000000
IndexMCP	1	0.600000
IndexMCP	2	0.000000
IndexPIP	1	1.800000
IndexDIP	1	1.080000
MiddleMCP	1	0.600000
MiddleMCP	2	0.000000
MiddlePIP	1	1.800000
MiddleDIP	1	0.900000
RingMCP	1	0.600000
RingMCP	2	0.000000
RingPIP	1	1.800000
RingDIP	1	0.900000
PinkyMCP	1	0.600000
PinkyMCP	2	0.000000
PinkyPIP	1	1.800000
PinkyDIP	1	0.900000
136, 135, -0.025141, -0.016233, 0.648855
137, 109, -0.022833, 0.010753, 0.610061
146, 100, -0.013868, 0.020010, 0.631621
136, 115, -0.024474, 0.005008, 0.619242
125, 124, -0.035006, -0.004136, 0.617262
105, 130, -0.055773, -0.011031, 0.616223
