105, 65, 97, 116
26
Carpal0	3	0.000000
Carpal0	4	0.000000
Carpal0	5	760.500000
Carpal0	0	-0.350000
Carpal0	1	0.000000
Carpal0	2	0.200000
ThumbTM	1	0.250000
ThumbTM	2	0.500000
ThumbMCP	2	0.500000
ThumbIP	2	1.000000
IndexMCP	1	0.800000
IndexMCP	2	0.000000
IndexPIP	1	1.400000
IndexDIP	1	0.840000
MiddleMCP	1	0.800000
MiddleMCP	2	0.000000
MiddlePIP	1	1.400000
MiddleDIP	1	0.700000
RingMCP	1	0.800000
RingMCP	2	0.000000
RingPIP	1	1.400000
RingDIP	1	0.700000
PinkyMCP	1	0.800000
PinkyMCP	2	0.000000
PinkyPIP	1	1.400000
PinkyDIP	1	0.700000
152, 128, -0.008225, -0.009692, 0.648855
164, 105, 0.004410, 0.014265, 0.610061
180, 102, 0.020724, 0.017650, 0.615139
166, 109, 0.006759, 0.010694, 0.601210
153, 113, -0.006201, 0.006123, 0.600777
130, 113, -0.029594, 0.006538, 0.604123
