91, 68, 103, 115
26
Carpal0	3	0.000000
Carpal0	4	0.000000
Carpal0	5	760.500000
Carpal0	0	-0.350000
Carpal0	1	-0.350000
Carpal0	2	0.400000
ThumbTM	1	0.250000
ThumbTM	2	0.500000
ThumbMCP	2	0.500000
ThumbIP	2	1.000000
IndexMCP	1	0.800000
IndexMCP	2	0.000000
IndexPIP	1	1.400000
IndexDIP	1	0.840000
MiddleMCP	1	0.800000
MiddleMCP	2	0.000000
MiddlePIP	1	1.400000
MiddleDIP	1	0.700000
RingMCP	1	0.800000
RingMCP	2	0.000000
RingPIP	1	1.400000
RingDIP	1	0.700000
PinkyMCP	1	0.800000
PinkyMCP	2	0.000000
PinkyPIP	1	1.400000
PinkyDIP	1	0.700000
145, 132, -0.015957, -0.014227, 0.664507
147, 98, -0.013735, 0.022588, 0.634872
162, 94, 0.002333, 0.027641, 0.639309
148, 98, -0.012188, 0.022490, 0.625166
136, 104, -0.024076, 0.015625, 0.624400
115, 110, -0.046398, 0.010006, 0.629765
