129, 75, 100, 107
26
Carpal0	3	0.000000
Carpal0	4	0.000000
Carpal0	5	760.500000
Carpal0	0	-0.350000
Carpal0	1	0.350000
Carpal0	2	-0.200000
ThumbTM	1	0.250000
ThumbTM	2	0.500000
ThumbMCP	2	0.500000
ThumbIP	2	1.000000
IndexMCP	1	0.600000
IndexMCP	2	0.000000
IndexPIP	1	1.000000
IndexDIP	1	0.600000
MiddleMCP	1	0.600000
MiddleMCP	2	0.000000
MiddlePIP	1	1.000000
MiddleDIP	1	0.500000
RingMCP	1	0.600000
RingMCP	2	0.000000
RingPIP	1	1.000000
RingDIP	1	0.500000
PinkyMCP	1	0.600000
PinkyMCP	2	0.000000
PinkyPIP	1	1.000000
PinkyDIP	1	0.500000
168, 132, 0.009472, -0.013373, 0.633341
188, 130, 0.028457, -0.010597, 0.590093
220, 116, 0.057584, 0.003268, 0.574574
202, 115, 0.039724, 0.003715, 0.556929
182, 117, 0.020674, 0.002303, 0.556808
153, 113, -0.006066, 0.006395, 0.565890
