106, 67, 95, 112
26
Carpal0	3	0.000000
Carpal0	4	0.000000
Carpal0	5	760.500000
Carpal0	0	-0.350000
Carpal0	1	-0.350000
Carpal0	2	0.200000
ThumbTM	1	0.250000
ThumbTM	2	0.500000
ThumbMCP	2	0.500000
ThumbIP	2	1.000000
IndexMCP	1	0.800000
IndexMCP	2	0.000000
IndexPIP	1	1.800000
IndexDIP	1	1.080000
MiddleMCP	1	0.800000
MiddleMCP	2	0.000000
MiddlePIP	1	1.800000
MiddleDIP	1	0.900000
RingMCP	1	0.800000
RingMCP	2	0.000000
RingPIP	1	1.800000
RingDIP	1	0.900000
PinkyMCP	1	0.800000
PinkyMCP	2	0.000000
PinkyPIP	1	1.800000
PinkyDIP	1	0.900000
153, 130, -0.007611, -0.011973, 0.664507
161, 97, 0.001880, 0.023667, 0.634872
173, 105, 0.014878, 0.016293, 0.656388
158, 111, -0.001282, 0.009206, 0.644539
146, 114, -0.013935, 0.006349, 0.642794
127, 110, -0.034864, 0.009961, 0.642643
