132, 86, 121, 105
26
Carpal0	3	0.000000
Carpal0	4	0.000000
Carpal0	5	760.500000
Carpal0	0	-0.350000
Carpal0	1	0.350000
Carpal0	2	-0.600000
ThumbTM	1	0.250000
ThumbTM	2	0.500000
ThumbMCP	2	0.500000
ThumbIP	2	1.000000
IndexMCP	1	0.600000
IndexMCP	2	0.000000
IndexPIP	1	1.000000
IndexDIP	1	0.600000
MiddleMCP	1	0.600000
MiddleMCP	2	0.000000
MiddlePIP	1	1.000000
MiddleDIP	1	0.500000
RingMCP	1	0.600000
RingMCP	2	0.000000
RingPIP	1	1.000000
RingDIP	1	0.500000
PinkyMCP	1	0.600000
PinkyMCP	2	0.000000
PinkyPIP	1	1.000000
PinkyDIP	1	0.500000
183, 139, 0.024770, -0.020537, 0.633341
204, 145, 0.043336, -0.025373, 0.590093
238, 145, 0.075564, -0.023946, 0.574574
223, 137, 0.059288, -0.016579, 0.556929
204, 131, 0.041191, -0.010461, 0.556808
179, 116, 0.018156, 0.003721, 0.565890
