130, 69, 95, 111
26
Carpal0	3	0.000000
Carpal0	4	0.000000
Carpal0	5	760.500000
Carpal0	0	-0.350000
Carpal0	1	0.000000
Carpal0	2	-0.200000
ThumbTM	1	0.250000
ThumbTM	2	0.500000
ThumbMCP	2	0.500000
ThumbIP	2	1.000000
IndexMCP	1	0.800000
IndexMCP	2	0.000000
IndexPIP	1	1.000000
IndexDIP	1	0.600000
MiddleMCP	1	0.800000
MiddleMCP	2	0.000000
MiddlePIP	1	1.000000
MiddleDIP	1	0.500000
RingMCP	1	0.800000
RingMCP	2	0.000000
RingPIP	1	1.000000
RingDIP	1	0.500000
PinkyMCP	1	0.800000
PinkyMCP	2	0.000000
PinkyPIP	1	1.000000
PinkyDIP	1	0.500000
169, 129, 0.009903, -0.010255, 0.648855
190, 113, 0.030870, 0.006891, 0.610061
216, 105, 0.056277, 0.014490, 0.599979
202, 101, 0.040975, 0.018190, 0.583682
185, 101, 0.024354, 0.017885, 0.583378
158, 97, -0.001096, 0.022244, 0.591571
