132, 71, 106, 115
26
Carpal0	3	0.000000
Carpal0	4	0.000000
Carpal0	5	760.500000
Carpal0	0	-0.350000
Carpal0	1	0.000000
Carpal0	2	-0.400000
ThumbTM	1	0.250000
ThumbTM	2	0.500000
ThumbMCP	2	0.500000
ThumbIP	2	1.000000
IndexMCP	1	0.600000
IndexMCP	2	0.000000
IndexPIP	1	1.400000
IndexDIP	1	0.840000
MiddleMCP	1	0.600000
MiddleMCP	2	0.000000
MiddlePIP	1	1.400000
MiddleDIP	1	0.700000
RingMCP	1	0.600000
RingMCP	2	0.000000
RingPIP	1	1.400000
RingDIP	1	0.700000
PinkyMCP	1	0.600000
PinkyMCP	2	0.000000
PinkyPIP	1	1.400000
PinkyDIP	1	0.700000
177, 132, 0.018522, -0.013217, 0.648855
201, 120, 0.042477, -0.000579, 0.610061
221, 120, 0.063264, -0.000429, 0.613858
207, 115, 0.047432, 0.004134, 0.598284
192, 112, 0.032217, 0.007360, 0.597186
170, 101, 0.010967, 0.019043, 0.602157
