79, 71, 110, 117
26
Carpal0	3	0.000000
Carpal0	4	0.000000
Carpal0	5	760.500000
Carpal0	0	-0.350000
Carpal0	1	-0.350000
Carpal0	2	0.600000
ThumbTM	1	0.250000
ThumbTM	2	0.500000
ThumbMCP	2	0.500000
ThumbIP	2	1.000000
IndexMCP	1	0.800000
IndexMCP	2	0.000000
IndexPIP	1	1.800000
IndexDIP	1	1.080000
MiddleMCP	1	0.800000
MiddleMCP	2	0.000000
MiddlePIP	1	1.800000
MiddleDIP	1	0.900000
RingMCP	1	0.800000
RingMCP	2	0.000000
RingPIP	1	1.800000
RingDIP	1	0.900000
PinkyMCP	1	0.800000
PinkyMCP	2	0.000000
PinkyPIP	1	1.800000
PinkyDIP	1	0.900000
138, 136, -0.023688, -0.018095, 0.664507
132, 102, -0.028825, 0.018428, 0.634872
147, 104, -0.013981, 0.016698, 0.656388
135, 116, -0.026105, 0.003877, 0.644539
125, 123, -0.036647, -0.003682, 0.642794
106, 127, -0.057330, -0.008505, 0.642643
