134, 73, 122, 118
26
Carpal0	3	0.000000
Carpal0	4	0.000000
Carpal0	5	760.500000
Carpal0	0	-0.350000
Carpal0	1	0.000000
Carpal0	2	-0.600000
ThumbTM	1	0.250000
ThumbTM	2	0.500000
ThumbMCP	2	0.500000
ThumbIP	2	1.000000
IndexMCP	1	0.600000
IndexMCP	2	0.000000
IndexPIP	1	1.000000
IndexDIP	1	0.600000
MiddleMCP	1	0.600000
MiddleMCP	2	0.000000
MiddlePIP	1	1.000000
MiddleDIP	1	0.500000
RingMCP	1	0.600000
RingMCP	2	0.000000
RingPIP	1	1.000000
RingDIP	1	0.500000
PinkyMCP	1	0.600000
PinkyMCP	2	0.000000
PinkyPIP	1	1.000000
PinkyDIP	1	0.500000
184, 136, 0.026381, -0.017833, 0.648855
211, 130, 0.052369, -0.010206, 0.610061
246, 125, 0.086770, -0.005128, 0.601557
235, 112, 0.073651, 0.007541, 0.584298
217, 105, 0.055700, 0.013903, 0.582811
191, 94, 0.031060, 0.025388, 0.591479
