129, 81, 93, 101
26
Carpal0	3	0.000000
Carpal0	4	0.000000
Carpal0	5	760.500000
Carpal0	0	-0.350000
Carpal0	1	0.350000
Carpal0	2	-0.200000
ThumbTM	1	0.250000
ThumbTM	2	0.500000
ThumbMCP	2	0.500000
ThumbIP	2	1.000000
IndexMCP	1	0.800000
IndexMCP	2	0.000000
IndexPIP	1	1.400000
IndexDIP	1	0.840000
MiddleMCP	1	0.800000
MiddleMCP	2	0.000000
MiddlePIP	1	1.400000
MiddleDIP	1	0.700000
RingMCP	1	0.800000
RingMCP	2	0.000000
RingPIP	1	1.400000
RingDIP	1	0.700000
PinkyMCP	1	0.800000
PinkyMCP	2	0.000000
PinkyPIP	1	1.400000
PinkyDIP	1	0.700000
168, 132, 0.009472, -0.013373, 0.633341
188, 130, 0.028457, -0.010597, 0.590093
205, 132, 0.045048, -0.012050, 0.595196
189, 138, 0.028849, -0.017564, 0.583171
175, 137, 0.015120, -0.016812, 0.583123
153, 126, -0.006162, -0.006573, 0.584043
