87, 58, 106, 128
26
Carpal0	3	0.000000
Carpal0	4	0.000000
Carpal0	5	760.500000
Carpal0	0	-0.350000
Carpal0	1	0.000000
Carpal0	2	0.400000
ThumbTM	1	0.250000
ThumbTM	2	0.500000
ThumbMCP	2	0.500000
ThumbIP	2	1.000000
IndexMCP	1	0.600000
IndexMCP	2	0.000000
IndexPIP	1	1.000000
IndexDIP	1	0.600000
MiddleMCP	1	0.600000
MiddleMCP	2	0.000000
MiddlePIP	1	1.000000
MiddleDIP	1	0.500000
RingMCP	1	0.600000
RingMCP	2	0.000000
RingPIP	1	1.000000
RingDIP	1	0.500000
PinkyMCP	1	0.600000
PinkyMCP	2	0.000000
PinkyPIP	1	1.000000
PinkyDIP	1	0.500000
144, 131, -0.017012, -0.012114, 0.648855
150, 106, -0.009388, 0.013876, 0.610061
164, 74, 0.004927, 0.045567, 0.601557
146, 77, -0.012822, 0.041373, 0.584298
131, 89, -0.027874, 0.029705, 0.582811
108, 104, -0.050853, 0.015176, 0.591479
