131, 86, 104, 100
26
Carpal0	3	0.000000
Carpal0	4	0.000000
Carpal0	5	760.500000
Carpal0	0	-0.350000
Carpal0	1	0.350000
Carpal0	2	-0.400000
ThumbTM	1	0.250000
ThumbTM	2	0.500000
ThumbMCP	2	0.500000
ThumbIP	2	1.000000
IndexMCP	1	0.800000
IndexMCP	2	0.000000
IndexPIP	1	1.800000
IndexDIP	1	1.080000
MiddleMCP	1	0.800000
MiddleMCP	2	0.000000
MiddlePIP	1	1.800000
MiddleDIP	1	0.900000
RingMCP	1	0.800000
RingMCP	2	0.000000
RingPIP	1	1.800000
RingDIP	1	0.900000
PinkyMCP	1	0.800000
PinkyMCP	2	0.000000
PinkyPIP	1	1.800000
PinkyDIP	1	0.900000
176, 135, 0.017481, -0.016188, 0.633341
197, 137, 0.036638, -0.017239, 0.590093
207, 134, 0.048603, -0.015253, 0.613313
188, 138, 0.028945, -0.018595, 0.605954
176, 134, 0.016476, -0.014986, 0.604278
160, 122, 0.000516, -0.002261, 0.598412
