134, 78, 114, 113
26
Carpal0	3	0.000000
Carpal0	4	0.000000
Carpal0	5	760.500000
Carpal0	0	-0.350000
Carpal0	1	0.000000
Carpal0	2	-0.600000
ThumbTM	1	0.250000
ThumbTM	2	0.500000
ThumbMCP	2	0.500000
ThumbIP	2	1.000000
IndexMCP	1	0.800000
IndexMCP	2	0.000000
IndexPIP	1	1.400000
IndexDIP	1	0.840000
MiddleMCP	1	0.800000
MiddleMCP	2	0.000000
MiddlePIP	1	1.400000
MiddleDIP	1	0.700000
RingMCP	1	0.800000
RingMCP	2	0.000000
RingPIP	1	1.400000
RingDIP	1	0.700000
PinkyMCP	1	0.800000
PinkyMCP	2	0.000000
PinkyPIP	1	1.400000
PinkyDIP	1	0.700000
184, 136, 0.026381, -0.017833, 0.648855
211, 130, 0.052369, -0.010206, 0.610061
224, 139, 0.066164, -0.019551, 0.615139
211, 134, 0.051444, -0.014379, 0.601210
199, 128, 0.039136, -0.008267, 0.600777
182, 111, 0.023135, 0.008804, 0.604123
