134, 75, 115, 116
26
Carpal0	3	0.000000
Carpal0	4	0.000000
Carpal0	5	760.500000
Carpal0	0	-0.350000
Carpal0	1	0.000000
Carpal0	2	-0.600000
ThumbTM	1	0.250000
ThumbTM	2	0.500000
ThumbMCP	2	0.500000
ThumbIP	2	1.000000
IndexMCP	1	0.600000
IndexMCP	2	0.000000
IndexPIP	1	1.800000
IndexDIP	1	1.080000
MiddleMCP	1	0.600000
MiddleMCP	2	0.000000
MiddlePIP	1	1.800000
MiddleDIP	1	0.900000
RingMCP	1	0.600000
RingMCP	2	0.000000
RingPIP	1	1.800000
RingDIP	1	0.900000
PinkyMCP	1	0.600000
PinkyMCP	2	0.000000
PinkyPIP	1	1.800000
PinkyDIP	1	0.900000
184, 136, 0.026381, -0.017833, 0.648855
211, 130, 0.052369, -0.010206, 0.610061
221, 134, 0.064245, -0.015207, 0.631621
204, 130, 0.046420, -0.010758, 0.619242
193, 124, 0.034081, -0.004255, 0.617262
179, 107, 0.020129, 0.012602, 0.616223
