74, 60, 114, 131
26
Carpal0	3	0.000000
Carpal0	4	0.000000
Carpal0	5	760.500000
Carpal0	0	-0.350000
Carpal0	1	0.000000
Carpal0	2	0.600000
ThumbTM	1	0.250000
ThumbTM	2	0.500000
ThumbMCP	2	0.500000
ThumbIP	2	1.000000
IndexMCP	1	0.600000
IndexMCP	2	0.000000
IndexPIP	1	1.000000
IndexDIP	1	0.600000
MiddleMCP	1	0.600000
MiddleMCP	2	0.000000
MiddlePIP	1	1.000000
MiddleDIP	1	0.500000
RingMCP	1	0.600000
RingMCP	2	0.000000
RingPIP	1	1.000000
RingDIP	1	0.500000
PinkyMCP	1	0.600000
PinkyMCP	2	0.000000
PinkyPIP	1	1.000000
PinkyDIP	1	0.500000
136, 135, -0.025141, -0.016233, 0.648855
137, 109, -0.022833, 0.010753, 0.610061
144, 75, -0.015100, 0.044656, 0.601557
127, 81, -0.031662, 0.037020, 0.584298
114, 96, -0.044096, 0.022594, 0.582811
95, 116, -0.063730, 0.003790, 0.591479
