133, 66, 109, 122
26
Carpal0	3	0.000000
Carpal0	4	0.000000
Carpal0	5	760.500000
Carpal0	0	-0.350000
Carpal0	1	-0.350000
Carpal0	2	-0.400000
ThumbTM	1	0.250000
ThumbTM	2	0.500000
ThumbMCP	2	0.500000
ThumbIP	2	1.000000
IndexMCP	1	0.600000
IndexMCP	2	0.000000
IndexPIP	1	1.000000
IndexDIP	1	0.600000
MiddleMCP	1	0.600000
MiddleMCP	2	0.000000
MiddlePIP	1	1.000000
MiddleDIP	1	0.500000
RingMCP	1	0.600000
RingMCP	2	0.000000
RingPIP	1	1.000000
RingDIP	1	0.500000
PinkyMCP	1	0.600000
PinkyMCP	2	0.000000
PinkyPIP	1	1.000000
PinkyDIP	1	0.500000
176, 133, 0.017740, -0.015447, 0.664507
203, 111, 0.045697, 0.008609, 0.634872
234, 99, 0.078928, 0.021915, 0.634415
223, 84, 0.065428, 0.037072, 0.619633
205, 80, 0.046814, 0.040435, 0.616961
178, 77, 0.019454, 0.044148, 0.624164
